
time,npos,epos,alt,phi,theta,psi,vel,alpha,beta,p,q,r,nx,ny,nz,mach,qbar,ps,

 0.00000, 0.00000, 0.00000,10000.00000, 0.00000,11.82037, 0.00000,300.00000,11.82037, 0.00000, 0.00000, 0.00000, 0.00000, 0.20486,-0.00560, 0.97886, 0.27862,79.10083,1454.59743,3010.94911,-3.97102,-0.04745,-0.16714,
 0.10000,30.00000,-0.00090,10000.00001, 0.00006,11.82036,-0.00001,300.00000,11.82032,-0.00339, 0.00199,-0.00005,-0.00040, 0.20486,-0.00553, 0.97885, 0.27862,79.10083,1454.59743,3010.94911,-3.97102,-0.04745,-0.16714,
 0.20000,60.00000,-0.00357,10000.00004, 0.00049,11.82035,-0.00010,300.00001,11.82028,-0.00659, 0.00745,-0.00021,-0.00143, 0.20486,-0.00547, 0.97885, 0.27862,79.10083,1454.59742,3010.94911,-3.97102,-0.04745,-0.16714,
 0.30000,90.00000,-0.00801,10000.00009, 0.00158,11.82032,-0.00033,300.00003,11.82021,-0.00948, 0.01558,-0.00045,-0.00306, 0.20486,-0.00541, 0.97884, 0.27862,79.10084,1454.59742,3010.94911,-3.97102,-0.04745,-0.16714,
 0.40000,120.00001,-0.01418,10000.00015, 0.00354,11.82026,-0.00075,300.00006,11.82013,-0.01194, 0.02555,-0.00076,-0.00522, 0.20486,-0.00536, 0.97882, 0.27862,79.10086,1454.59742,3010.94911,-3.97102,-0.04745,-0.16714,
 0.50000,150.00001,-0.02205,10000.00022, 0.00650,11.82017,-0.00141,300.00010,11.82002,-0.01391, 0.03656,-0.00112,-0.00782, 0.20486,-0.00532, 0.97881, 0.27862,79.10088,1454.59741,3010.94911,-3.97102,-0.04745,-0.16714,
 0.60000,180.00003,-0.03160,10000.00030, 0.01053,11.82004,-0.00236,300.00016,11.81989,-0.01531, 0.04783,-0.00151,-0.01075, 0.20486,-0.00530, 0.97879, 0.27862,79.10091,1454.59741,3010.94911,-3.97102,-0.04745,-0.16714,
 0.70000,210.00004,-0.04279,10000.00038, 0.01560,11.81986,-0.00361,300.00022,11.81972,-0.01613, 0.05864,-0.00191,-0.01390, 0.20485,-0.00528, 0.97878, 0.27862,79.10094,1454.59741,3010.94911,-3.97102,-0.04745,-0.16714,
 0.80000,240.00007,-0.05560,10000.00045, 0.02164,11.81965,-0.00520,300.00030,11.81953,-0.01635, 0.06837,-0.00231,-0.01714, 0.20485,-0.00528, 0.97876, 0.27862,79.10098,1454.59740,3010.94911,-3.97102,-0.04745,-0.16714,
 0.90000,270.00010,-0.06999,10000.00052, 0.02851,11.81940,-0.00712,300.00040,11.81931,-0.01601, 0.07651,-0.00269,-0.02037, 0.20485,-0.00529, 0.97874, 0.27862,79.10103,1454.59740,3010.94911,-3.97102,-0.04745,-0.16714,
 1.00000,300.00014,-0.08593,10000.00056, 0.03602,11.81912,-0.00936,300.00051,11.81906,-0.01515, 0.08264,-0.00303,-0.02346, 0.20484,-0.00530, 0.97872, 0.27862,79.10109,1454.59740,3010.94911,-3.97075,-0.04719,-0.16687,
 1.10000,330.00018,-0.10334,10000.00067, 0.04229,11.81816,-0.01219,300.00036,11.81777,-0.01373, 0.04438,-0.02008,-0.03366, 0.20488,-0.00495, 0.97953, 0.27862,79.10101,1454.59739,3010.94911,-3.88425, 0.03932,-0.08037,
 1.20000,360.00020,-0.12212,10000.00098, 0.04280,11.81483,-0.01635,300.00025,11.81411,-0.01205,-0.01753,-0.04672,-0.04782, 0.20482,-0.00497, 0.97907, 0.27862,79.10095,1454.59737,3010.94911,-3.87277, 0.05079,-0.06889,
 1.30000,390.00023,-0.14227,10000.00137, 0.03687,11.80884,-0.02195,300.00055,11.80817,-0.01032,-0.07735,-0.07312,-0.06158, 0.20472,-0.00503, 0.97831, 0.27862,79.10111,1454.59735,3010.94911,-3.87125, 0.05232,-0.06737,
 1.40000,420.00032,-0.16384,10000.00159, 0.02493,11.80027,-0.02891,300.00144,11.80018,-0.00859,-0.13216,-0.09809,-0.07439, 0.20458,-0.00510, 0.97739, 0.27862,79.10158,1454.59734,3010.94911,-3.87105, 0.05252,-0.06717,
 1.50000,450.00053,-0.18691,10000.00136, 0.00750,11.78927,-0.03713,300.00306,11.79038,-0.00692,-0.18198,-0.12159,-0.08623, 0.20442,-0.00517, 0.97634, 0.27862,79.10244,1454.59735,3010.94911,-3.87102, 0.05254,-0.06714,
 1.60000,480.00094,-0.21161,10000.00032,-0.01491,11.77600,-0.04650,300.00555,11.77898,-0.00536,-0.22711,-0.14374,-0.09713, 0.20424,-0.00524, 0.97519, 0.27862,79.10375,1454.59741,3010.94911,-3.87102, 0.05255,-0.06714,
 1.70000,510.00165,-0.23808,9999.99810,-0.04182,11.76056,-0.05693,300.00903,11.76617,-0.00395,-0.26785,-0.16467,-0.10715, 0.20404,-0.00531, 0.97395, 0.27862,79.10559,1454.59753,3010.94911,-3.87102, 0.05255,-0.06714,
 1.80000,540.00275,-0.26649,9999.99430,-0.07279,11.74308,-0.06833,300.01361,11.75212,-0.00272,-0.30444,-0.18450,-0.11636, 0.20383,-0.00537, 0.97263, 0.27863,79.10802,1454.59775,3010.94911,-3.87102, 0.05255,-0.06714,
 1.90000,570.00438,-0.29703,9999.98850,-0.10739,11.72366,-0.08063,300.01941,11.73698,-0.00170,-0.33704,-0.20334,-0.12482, 0.20360,-0.00543, 0.97124, 0.27863,79.11109,1454.59808,3010.94911,-3.87102, 0.05255,-0.06714,
 2.00000,600.00665,-0.32990,9999.98022,-0.14523,11.70240,-0.09373,300.02653,11.72089,-0.00092,-0.36579,-0.22130,-0.13261, 0.20336,-0.00548, 0.96980, 0.27864,79.11487,1454.59855,3010.94911,-3.87102, 0.05255,-0.06714,
 2.10000,630.00969,-0.36533,9999.96901,-0.18589,11.67936,-0.10757,300.03507,11.70395,-0.00038,-0.39082,-0.23850,-0.13980, 0.20310,-0.00553, 0.96830, 0.27865,79.11940,1454.59918,3010.94911,-3.87102, 0.05255,-0.06714,
 2.20000,660.01366,-0.40355,9999.95436,-0.22901,11.65463,-0.12210,300.04512,11.68627,-0.00009,-0.41222,-0.25501,-0.14646, 0.20284,-0.00557, 0.96677, 0.27866,79.12473,1454.60001,3010.94911,-3.87102, 0.05255,-0.06714,
 2.30000,690.01871,-0.44481,9999.93579,-0.27422,11.62826,-0.13726,300.05677,11.66794,-0.00004,-0.43012,-0.27093,-0.15268, 0.20258,-0.00561, 0.96520, 0.27867,79.13093,1454.60106,3010.94911,-3.87102, 0.05255,-0.06714,
 2.40000,720.02499,-0.48936,9999.91277,-0.32115,11.60031,-0.15300,300.07011,11.64903,-0.00022,-0.44462,-0.28634,-0.15851, 0.20230,-0.00564, 0.96359, 0.27868,79.13802,1454.60236,3010.94911,-3.87102, 0.05255,-0.06714,
 2.50000,750.03269,-0.53746,9999.88477,-0.36947,11.57083,-0.16928,300.08522,11.62960,-0.00061,-0.45585,-0.30129,-0.16403, 0.20202,-0.00566, 0.96197, 0.27869,79.14606,1454.60394,3010.94911,-3.87102, 0.05255,-0.06714,
 2.60000,780.04198,-0.58939,9999.85127,-0.41885,11.53986,-0.18608,300.10218,11.60971,-0.00118,-0.46397,-0.31586,-0.16928, 0.20174,-0.00569, 0.96032, 0.27871,79.15509,1454.60584,3010.94911,-3.87102, 0.05255,-0.06714,
 2.70000,810.05305,-0.64541,9999.81172,-0.46898,11.50742,-0.20336,300.12106,11.58942,-0.00190,-0.46915,-0.33010,-0.17433, 0.20145,-0.00571, 0.95866, 0.27873,79.16515,1454.60807,3010.94911,-3.87102, 0.05255,-0.06714,
 2.80000,840.06609,-0.70581,9999.76557,-0.51958,11.47356,-0.22110,300.14194,11.56874,-0.00273,-0.47157,-0.34405,-0.17922, 0.20116,-0.00572, 0.95698, 0.27875,79.17628,1454.61068,3010.94911,-3.87102, 0.05255,-0.06714,
 2.90000,870.08130,-0.77084,9999.71227,-0.57036,11.43830,-0.23929,300.16489,11.54773,-0.00363,-0.47147,-0.35777,-0.18397, 0.20086,-0.00574, 0.95529, 0.27877,79.18852,1454.61369,3010.94911,-3.87102, 0.05255,-0.06714,
 3.00000,900.09888,-0.84079,9999.65127,-0.62109,11.40165,-0.25791,300.18999,11.52641,-0.00457,-0.46906,-0.37130,-0.18862, 0.20056,-0.00576, 0.95359, 0.27879,79.20191,1454.61714,3010.94911,-3.87154, 0.05202,-0.06767,
 3.10000,930.11907,-0.91599,9999.58184,-0.66818,11.36493,-0.27638,300.21781,11.50684,-0.00573,-0.38035,-0.35135,-0.17841, 0.20016,-0.00653, 0.95024, 0.27882,79.21676,1454.62107,3010.94911,-4.04455,-0.12099,-0.24068,
 3.20000,960.14212,-0.99684,9999.50310,-0.70289,11.33153,-0.29322,300.24784,11.49166,-0.00667,-0.24735,-0.31212,-0.15946, 0.19997,-0.00659, 0.94940, 0.27885,79.23281,1454.62552,3010.94911,-4.06751,-0.14394,-0.26363,
 3.30000,990.16822,-1.08358,9999.41475,-0.72417,11.30210,-0.30813,300.27945,11.48076,-0.00718,-0.12186,-0.27313,-0.14036, 0.19985,-0.00656, 0.94916, 0.27887,79.24971,1454.63051,3010.94911,-4.07055,-0.14699,-0.26667,
 3.40000,1020.19750,-1.17629,9999.31667,-0.73319,11.27647,-0.32117,300.31237,11.47368,-0.00729,-0.00974,-0.23668,-0.12214, 0.19980,-0.00652, 0.94924, 0.27891,79.26733,1454.63606,3010.94911,-4.07095,-0.14739,-0.26708,
 3.50000,1050.23007,-1.27502,9999.20889,-0.73131,11.25437,-0.33245,300.34639,11.47000,-0.00706, 0.08922,-0.20284,-0.10482, 0.19979,-0.00649, 0.94956, 0.27894,79.28556,1454.64215,3010.94911,-4.07101,-0.14744,-0.26713,
 3.60000,1080.26604,-1.37976,9999.09151,-0.71982,11.23555,-0.34204,300.38131,11.46931,-0.00655, 0.17600,-0.17136,-0.08830, 0.19982,-0.00646, 0.95010, 0.27897,79.30429,1454.64879,3010.94911,-4.07101,-0.14745,-0.26714,
 3.70000,1110.30548,-1.49043,9998.96470,-0.69991,11.21980,-0.35004,300.41695,11.47128,-0.00583, 0.25166,-0.14201,-0.07249, 0.19989,-0.00644, 0.95084, 0.27900,79.32342,1454.65596,3010.94911,-4.07102,-0.14745,-0.26714,
 3.80000,1140.34844,-1.60693,9998.82869,-0.67264,11.20691,-0.35649,300.45313,11.47558,-0.00497, 0.31723,-0.11455,-0.05732, 0.19998,-0.00642, 0.95174, 0.27904,79.34287,1454.66365,3010.94911,-4.07102,-0.14745,-0.26714,
 3.90000,1170.39498,-1.72911,9998.68378,-0.63899,11.19671,-0.36147,300.48970,11.48194,-0.00401, 0.37371,-0.08876,-0.04271, 0.20011,-0.00641, 0.95278, 0.27907,79.36255,1454.67184,3010.94911,-4.07102,-0.14745,-0.26714,
 4.00000,1200.44513,-1.85679,9998.53031,-0.59983,11.18902,-0.36501,300.52651,11.49012,-0.00302, 0.42205,-0.06447,-0.02861, 0.20026,-0.00639, 0.95396, 0.27910,79.38237,1454.68052,3010.94911,-4.07102,-0.14745,-0.26714,
 4.10000,1230.49890,-1.98977,9998.36866,-0.55593,11.18371,-0.36718,300.56342,11.49990,-0.00204, 0.46317,-0.04149,-0.01498, 0.20043,-0.00638, 0.95525, 0.27914,79.40227,1454.68966,3010.94911,-4.07102,-0.14745,-0.26714,
 4.20000,1260.55629,-2.12779,9998.19925,-0.50798,11.18065,-0.36800,300.60028,11.51109,-0.00112, 0.49792,-0.01970,-0.00179, 0.20062,-0.00636, 0.95664, 0.27917,79.42217,1454.69924,3010.94911,-4.07102,-0.14745,-0.26714,
 4.30000,1290.61729,-2.27061,9998.02254,-0.45660,11.17973,-0.36752,300.63697,11.52352,-0.00029, 0.52710, 0.00105, 0.01097, 0.20082,-0.00634, 0.95812, 0.27921,79.44200,1454.70923,3010.94911,-4.07102,-0.14745,-0.26714,
 4.40000,1320.68189,-2.41796,9997.83901,-0.40229,11.18085,-0.36578,300.67338,11.53704, 0.00042, 0.55146, 0.02086, 0.02331, 0.20104,-0.00632, 0.95967, 0.27924,79.46170,1454.71960,3010.94911,-4.07102,-0.14745,-0.26714,
 4.50000,1350.75005,-2.56952,9997.64917,-0.34553,11.18390,-0.36281,300.70939,11.55152, 0.00100, 0.57163, 0.03980, 0.03523, 0.20128,-0.00630, 0.96128, 0.27927,79.48120,1454.73034,3010.94911,-4.07102,-0.14745,-0.26714,
 4.60000,1380.82173,-2.72500,9997.45354,-0.28670,11.18882,-0.35866,300.74488,11.56684, 0.00143, 0.58824, 0.05796, 0.04674, 0.20152,-0.00627, 0.96295, 0.27930,79.50045,1454.74140,3010.94911,-4.07102,-0.14745,-0.26714,
 4.70000,1410.89688,-2.88406,9997.25267,-0.22615,11.19552,-0.35335,300.77976,11.58289, 0.00172, 0.60187, 0.07542, 0.05783, 0.20178,-0.00625, 0.96467, 0.27934,79.51939,1454.75275,3010.94911,-4.07102,-0.14745,-0.26714,
 4.80000,1440.97543,-3.04638,9997.04713,-0.16414,11.20393,-0.34694,300.81391,11.59958, 0.00187, 0.61300, 0.09226, 0.06848, 0.20204,-0.00622, 0.96643, 0.27937,79.53797,1454.76438,3010.94911,-4.07102,-0.14745,-0.26714,
 4.90000,1471.05731,-3.21161,9996.83748,-0.10092,11.21399,-0.33946,300.84726,11.61682, 0.00190, 0.62205, 0.10853, 0.07868, 0.20231,-0.00618, 0.96822, 0.27940,79.55613,1454.77623,3010.94911,-4.07102,-0.14745,-0.26714,
 5.00000,1501.14244,-3.37940,9996.62431,-0.03668,11.22564,-0.33095,300.87970,11.63455, 0.00183, 0.62937, 0.12429, 0.08843, 0.20258,-0.00615, 0.97004, 0.27943,79.57381,1454.78828,3010.94911,-4.07075,-0.14719,-0.26687,
 5.10000,1531.23073,-3.54935,9996.40830, 0.02672,11.23820,-0.32175,300.91087,11.65167, 0.00177, 0.59292, 0.12278, 0.09033, 0.20291,-0.00573, 0.97271, 0.27946,79.59084,1454.80050,3010.94911,-3.98425,-0.06068,-0.18037,
 5.20000,1561.32205,-3.72103,9996.19021, 0.08484,11.24990,-0.31266,300.94099,11.66679, 0.00155, 0.53390, 0.11114, 0.08749, 0.20314,-0.00567, 0.97413, 0.27949,79.60732,1454.81283,3010.94911,-3.97277,-0.04921,-0.16889,
 5.30000,1591.41632,-3.89408,9995.97051, 0.13712,11.26040,-0.30389,300.97033,11.67994, 0.00107, 0.47843, 0.09925, 0.08423, 0.20333,-0.00565, 0.97526, 0.27951,79.62339,1454.82525,3010.94911,-3.97125,-0.04768,-0.16737,
 5.40000,1621.51348,-4.06822,9995.74959, 0.18411,11.26974,-0.29544,300.99900,11.69129, 0.00040, 0.42948, 0.08832, 0.08105, 0.20350,-0.00564, 0.97623, 0.27954,79.63911,1454.83774,3010.94911,-3.97105,-0.04748,-0.16717,
 5.50000,1651.61346,-4.24318,9995.52776, 0.22647,11.27804,-0.28730,301.02705,11.70104,-0.00041, 0.38690, 0.07843, 0.07797, 0.20364,-0.00562, 0.97708, 0.27956,79.65451,1454.85028,3010.94911,-3.97102,-0.04746,-0.16714,
 5.60000,1681.71621,-4.41872,9995.30530, 0.26480,11.28540,-0.27947,301.05455,11.70934,-0.00129, 0.35011, 0.06947, 0.07495, 0.20376,-0.00560, 0.97783, 0.27959,79.66962,1454.86286,3010.94911,-3.97102,-0.04745,-0.16714,
 5.70000,1711.82168,-4.59462,9995.08246, 0.29967,11.29190,-0.27195,301.08156,11.71637,-0.00217, 0.31848, 0.06134, 0.07197, 0.20386,-0.00559, 0.97848, 0.27961,79.68447,1454.87546,3010.94911,-3.97102,-0.04745,-0.16714,
 5.80000,1741.92983,-4.77069,9994.85944, 0.33154,11.29762,-0.26472,301.10813,11.72224,-0.00300, 0.29137, 0.05396, 0.06902, 0.20395,-0.00558, 0.97904, 0.27964,79.69909,1454.88807,3010.94911,-3.97102,-0.04745,-0.16714,
 5.90000,1772.04061,-4.94674,9994.63644, 0.36084,11.30263,-0.25781,301.13430,11.72708,-0.00371, 0.26817, 0.04725, 0.06608, 0.20402,-0.00557, 0.97952, 0.27966,79.71350,1454.90068,3010.94911,-3.97102,-0.04745,-0.16714,
 6.00000,1802.15400,-5.12262,9994.41360, 0.38794,11.30700,-0.25119,301.16012,11.73100,-0.00428, 0.24828, 0.04113, 0.06318, 0.20408,-0.00556, 0.97994, 0.27969,79.72772,1454.91328,3010.94911,-3.97102,-0.04745,-0.16714,
 6.10000,1832.26995,-5.29816,9994.19106, 0.41313,11.31079,-0.24486,301.18562,11.73410,-0.00466, 0.23113, 0.03555, 0.06034, 0.20413,-0.00555, 0.98030, 0.27971,79.74178,1454.92587,3010.94911,-3.97102,-0.04745,-0.16714,
 6.20000,1862.38845,-5.47322,9993.96894, 0.43666,11.31404,-0.23882,301.21085,11.73646,-0.00483, 0.21619, 0.03045, 0.05757, 0.20417,-0.00556, 0.98060, 0.27973,79.75570,1454.93843,3010.94911,-3.97102,-0.04745,-0.16714,
 6.30000,1892.50946,-5.64768,9993.74734, 0.45874,11.31680,-0.23307,301.23583,11.73816,-0.00478, 0.20297, 0.02577, 0.05492, 0.20419,-0.00556, 0.98085, 0.27976,79.76948,1454.95096,3010.94911,-3.97102,-0.04745,-0.16714,
 6.40000,1922.63298,-5.82141,9993.52634, 0.47950,11.31912,-0.22758,301.26059,11.73927,-0.00452, 0.19105, 0.02149, 0.05242, 0.20422,-0.00557, 0.98105, 0.27978,79.78315,1454.96345,3010.94911,-3.97102,-0.04745,-0.16714,
 6.50000,1952.75896,-5.99430,9993.30599, 0.49908,11.32103,-0.22233,301.28516,11.73986,-0.00405, 0.18007, 0.01755, 0.05010, 0.20423,-0.00559, 0.98122, 0.27980,79.79671,1454.97591,3010.94911,-3.97102,-0.04745,-0.16714,
 6.60000,1982.88741,-6.16625,9993.08637, 0.51755,11.32255,-0.21732,301.30957,11.73997,-0.00340, 0.16971, 0.01392, 0.04801, 0.20424,-0.00560, 0.98135, 0.27982,79.81019,1454.98833,3010.94911,-3.97102,-0.04745,-0.16714,
 6.70000,2013.01830,-6.33716,9992.86750, 0.53497,11.32373,-0.21251,301.33384,11.73967,-0.00258, 0.15975, 0.01057, 0.04616, 0.20424,-0.00563, 0.98146, 0.27985,79.82360,1455.00071,3010.94911,-3.97102,-0.04745,-0.16714,
 6.80000,2043.15163,-6.50694,9992.64943, 0.55136,11.32459,-0.20787,301.35799,11.73898,-0.00163, 0.15001, 0.00748, 0.04459, 0.20423,-0.00565, 0.98153, 0.27987,79.83694,1455.01304,3010.94911,-3.97102,-0.04745,-0.16714,
 6.90000,2073.28737,-6.67551,9992.43217, 0.56676,11.32515,-0.20339,301.38204,11.73797,-0.00059, 0.14039, 0.00462, 0.04331, 0.20422,-0.00568, 0.98158, 0.27989,79.85022,1455.02533,3010.94911,-3.97102,-0.04745,-0.16714,
 7.00000,2103.42554,-6.84280,9992.21574, 0.58118,11.32543,-0.19902,301.40601,11.73665, 0.00051, 0.13081, 0.00196, 0.04234, 0.20421,-0.00571, 0.98160, 0.27991,79.86346,1455.03757,3010.94911,-3.97102,-0.04745,-0.16714,
 7.10000,2133.56610,-7.00872,9992.00014, 0.59462,11.32546,-0.19474,301.42991,11.73507, 0.00161, 0.12122,-0.00057, 0.04168, 0.20420,-0.00574, 0.98161, 0.27994,79.87667,1455.04976,3010.94911,-3.97102,-0.04745,-0.16714,
 7.20000,2163.70907,-7.17322,9991.78538, 0.60710,11.32524,-0.19051,301.45376,11.73324, 0.00269, 0.11167,-0.00298, 0.04133, 0.20418,-0.00577, 0.98159, 0.27996,79.88985,1455.06190,3010.94911,-3.97102,-0.04745,-0.16714,
 7.30000,2193.85444,-7.33624,9991.57145, 0.61862,11.32478,-0.18631,301.47758,11.73120, 0.00370, 0.10225,-0.00528, 0.04128, 0.20416,-0.00580, 0.98156, 0.27998,79.90301,1455.07400,3010.94911,-3.97102,-0.04745,-0.16714,
 7.40000,2224.00220,-7.49773,9991.35835, 0.62921,11.32410,-0.18210,301.50139,11.72895, 0.00461, 0.09307,-0.00751, 0.04150, 0.20413,-0.00582, 0.98152, 0.28000,79.91616,1455.08605,3010.94911,-3.97102,-0.04745,-0.16714,
 7.50000,2254.15236,-7.65763,9991.14604, 0.63891,11.32319,-0.17785,301.52519,11.72652, 0.00539, 0.08429,-0.00966, 0.04197, 0.20410,-0.00585, 0.98146, 0.28002,79.92931,1455.09806,3010.94911,-3.97102,-0.04745,-0.16714,
 7.60000,2284.30491,-7.81589,9990.93452, 0.64776,11.32207,-0.17355,301.54900,11.72391, 0.00603, 0.07605,-0.01174, 0.04265, 0.20407,-0.00587, 0.98139, 0.28004,79.94246,1455.11002,3010.94911,-3.97102,-0.04745,-0.16714,
 7.70000,2314.45986,-7.97248,9990.72375, 0.65584,11.32075,-0.16917,301.57283,11.72116, 0.00651, 0.06848,-0.01376, 0.04351, 0.20404,-0.00588, 0.98130, 0.28007,79.95563,1455.12194,3010.94911,-3.97102,-0.04745,-0.16714,
 7.80000,2344.61721,-8.12736,9990.51372, 0.66322,11.31922,-0.16470,301.59669,11.71826, 0.00682, 0.06173,-0.01574, 0.04450, 0.20401,-0.00590, 0.98121, 0.28009,79.96881,1455.13382,3010.94911,-3.97102,-0.04745,-0.16714,
 7.90000,2374.77696,-8.28049,9990.30438, 0.66999,11.31750,-0.16013,301.62060,11.71522, 0.00696, 0.05590,-0.01766, 0.04559, 0.20397,-0.00591, 0.98110, 0.28011,79.98201,1455.14565,3010.94911,-3.97102,-0.04745,-0.16714,
 8.00000,2404.93911,-8.43184,9990.09570, 0.67625,11.31558,-0.15545,301.64457,11.71207, 0.00696, 0.05109,-0.01956, 0.04674, 0.20393,-0.00591, 0.98099, 0.28013,79.99525,1455.15746,3010.94911,-3.97102,-0.04745,-0.16714,
 8.10000,2435.10368,-8.58136,9989.88764, 0.68211,11.31348,-0.15064,301.66861,11.70881, 0.00681, 0.04733,-0.02141, 0.04790, 0.20389,-0.00591, 0.98087, 0.28015,80.00852,1455.16922,3010.94911,-3.97102,-0.04745,-0.16714,
 8.20000,2465.27067,-8.72904,9989.68017, 0.68766,11.31119,-0.14573,301.69273,11.70543, 0.00654, 0.04467,-0.02324, 0.04906, 0.20385,-0.00591, 0.98074, 0.28018,80.02183,1455.18095,3010.94911,-3.97102,-0.04745,-0.16714,
 8.30000,2495.44009,-8.87485,9989.47323, 0.69303,11.30872,-0.14070,301.71693,11.70197, 0.00618, 0.04310,-0.02504, 0.05018, 0.20381,-0.00591, 0.98060, 0.28020,80.03519,1455.19266,3010.94911,-3.97102,-0.04745,-0.16714,
 8.40000,2525.61195,-9.01874,9989.26679, 0.69831,11.30606,-0.13556,301.74124,11.69841, 0.00574, 0.04257,-0.02682, 0.05123, 0.20377,-0.00591, 0.98046, 0.28022,80.04861,1455.20433,3010.94911,-3.97102,-0.04745,-0.16714,
 8.50000,2555.78626,-9.16069,9989.06079, 0.70361,11.30323,-0.13032,301.76566,11.69476, 0.00527, 0.04301,-0.02858, 0.05221, 0.20373,-0.00590, 0.98031, 0.28024,80.06208,1455.21598,3010.94911,-3.97102,-0.04745,-0.16714,
 8.60000,2585.96303,-9.30068,9988.85518, 0.70902,11.30022,-0.12499,301.79021,11.69104, 0.00477, 0.04433,-0.03033, 0.05310, 0.20368,-0.00589, 0.98016, 0.28027,80.07562,1455.22761,3010.94911,-3.97102,-0.04745,-0.16714,
 8.70000,2616.14227,-9.43866,9988.64992, 0.71461,11.29703,-0.11957,301.81488,11.68724, 0.00429, 0.04642,-0.03207, 0.05391, 0.20363,-0.00589, 0.98000, 0.28029,80.08923,1455.23922,3010.94911,-3.97102,-0.04745,-0.16714,
 8.80000,2646.32399,-9.57461,9988.44494, 0.72046,11.29367,-0.11408,301.83970,11.68337, 0.00385, 0.04913,-0.03380, 0.05463, 0.20359,-0.00588, 0.97983, 0.28031,80.10291,1455.25081,3010.94911,-3.97102,-0.04745,-0.16714,
 8.90000,2676.50822,-9.70849,9988.24020, 0.72662,11.29013,-0.10852,301.86466,11.67943, 0.00347, 0.05233,-0.03553, 0.05527, 0.20354,-0.00588, 0.97966, 0.28033,80.11668,1455.26239,3010.94911,-3.97102,-0.04745,-0.16714,
 9.00000,2706.69496,-9.84028,9988.03564, 0.73312,11.28642,-0.10290,301.88979,11.67543, 0.00316, 0.05587,-0.03726, 0.05585, 0.20349,-0.00588, 0.97949, 0.28036,80.13053,1455.27396,3010.94911,-3.97102,-0.04745,-0.16714,
 9.10000,2736.88423,-9.96992,9987.83119, 0.74001,11.28254,-0.09723,301.91509,11.67137, 0.00294, 0.05959,-0.03899, 0.05638, 0.20344,-0.00588, 0.97931, 0.28038,80.14448,1455.28552,3010.94911,-3.97102,-0.04745,-0.16714,
 9.20000,2767.07605,-10.09739,9987.62680, 0.74727,11.27848,-0.09150,301.94057,11.66724, 0.00282, 0.06337,-0.04073, 0.05689, 0.20339,-0.00588, 0.97913, 0.28040,80.15852,1455.29708,3010.94911,-3.97102,-0.04745,-0.16714,
 9.30000,2797.27044,-10.22265,9987.42242, 0.75492,11.27425,-0.08573,301.96625,11.66305, 0.00280, 0.06708,-0.04249, 0.05739, 0.20334,-0.00588, 0.97895, 0.28043,80.17266,1455.30864,3010.94911,-3.97102,-0.04745,-0.16714,
 9.40000,2827.46741,-10.34566,9987.21796, 0.76295,11.26983,-0.07992,301.99212,11.65880, 0.00288, 0.07060,-0.04425, 0.05790, 0.20329,-0.00589, 0.97876, 0.28045,80.18691,1455.32021,3010.94911,-3.97102,-0.04745,-0.16714,
 9.50000,2857.66699,-10.46637,9987.01338, 0.77132,11.26524,-0.07405,302.01820,11.65450, 0.00305, 0.07386,-0.04604, 0.05846, 0.20323,-0.00590, 0.97856, 0.28048,80.20128,1455.33178,3010.94911,-3.97102,-0.04745,-0.16714,
 9.60000,2887.86920,-10.58474,9986.80861, 0.78001,11.26047,-0.06812,302.04450,11.65014, 0.00332, 0.07677,-0.04784, 0.05907, 0.20318,-0.00591, 0.97837, 0.28050,80.21576,1455.34336,3010.94911,-3.97102,-0.04745,-0.16714,
 9.70000,2918.07406,-10.70074,9986.60358, 0.78899,11.25551,-0.06213,302.07104,11.64572, 0.00366, 0.07930,-0.04966, 0.05976, 0.20313,-0.00593, 0.97817, 0.28052,80.23037,1455.35495,3010.94911,-3.97102,-0.04745,-0.16714,
 9.80000,2948.28159,-10.81431,9986.39823, 0.79821,11.25037,-0.05607,302.09781,11.64125, 0.00406, 0.08142,-0.05151, 0.06054, 0.20307,-0.00594, 0.97796, 0.28055,80.24511,1455.36657,3010.94911,-3.97102,-0.04745,-0.16714,
 9.90000,2978.49181,-10.92541,9986.19248, 0.80764,11.24504,-0.04993,302.12484,11.63671, 0.00450, 0.08314,-0.05338, 0.06142, 0.20301,-0.00596, 0.97776, 0.28057,80.25998,1455.37821,3010.94911,-3.97102,-0.04745,-0.16714,
10.00000,3008.70476,-11.03400,9985.98627, 0.81724,11.23952,-0.04370,302.15212,11.63212, 0.00498, 0.08449,-0.05527, 0.06241, 0.20296,-0.00597, 0.97755, 0.28060,80.27500,1455.38987,3010.94911,-3.97102,-0.04745,-0.16714,
10.10000,3038.92045,-11.14002,9985.77953, 0.82698,11.23381,-0.03736,302.17968,11.62747, 0.00546, 0.08549,-0.05719, 0.06352, 0.20290,-0.00599, 0.97733, 0.28062,80.29016,1455.40156,3010.94911,-3.97102,-0.04745,-0.16714,
10.20000,3069.13892,-11.24343,9985.57218, 0.83682,11.22790,-0.03091,302.20752,11.62276, 0.00593, 0.08622,-0.05914, 0.06475, 0.20284,-0.00601, 0.97712, 0.28065,80.30548,1455.41329,3010.94911,-3.97102,-0.04745,-0.16714,
10.30000,3099.36020,-11.34419,9985.36415, 0.84675,11.22179,-0.02433,302.23566,11.61799, 0.00639, 0.08673,-0.06112, 0.06609, 0.20278,-0.00602, 0.97690, 0.28068,80.32096,1455.42506,3010.94911,-3.97102,-0.04745,-0.16714,
10.40000,3129.58430,-11.44224,9985.15538, 0.85675,11.21548,-0.01762,302.26409,11.61316, 0.00681, 0.08711,-0.06312, 0.06754, 0.20272,-0.00604, 0.97667, 0.28070,80.33660,1455.43687,3010.94911,-3.97102,-0.04745,-0.16714,
10.50000,3159.81127,-11.53754,9984.94577, 0.86681,11.20897,-0.01075,302.29285,11.60827, 0.00718, 0.08743,-0.06515, 0.06908, 0.20266,-0.00605, 0.97644, 0.28073,80.35241,1455.44872,3010.94911,-3.97102,-0.04745,-0.16714,
10.60000,3190.04113,-11.63004,9984.73527, 0.87694,11.20224,-0.00373,302.32193,11.60331, 0.00751, 0.08778,-0.06721, 0.07071, 0.20260,-0.00607, 0.97621, 0.28076,80.36840,1455.46063,3010.94911,-3.97102,-0.04745,-0.16714,
10.70000,3220.27392,-11.71967,9984.52378, 0.88713,11.19531, 0.00345,302.35134,11.59829, 0.00777, 0.08823,-0.06930, 0.07242, 0.20254,-0.00608, 0.97598, 0.28078,80.38457,1455.47259,3010.94911,-3.97102,-0.04745,-0.16714,
10.80000,3250.50966,-11.80641,9984.31124, 0.89741,11.18816, 0.01081,302.38111,11.59321, 0.00797, 0.08886,-0.07142, 0.07418, 0.20248,-0.00609, 0.97574, 0.28081,80.40094,1455.48461,3010.94911,-3.97102,-0.04745,-0.16714,
10.90000,3280.74841,-11.89018,9984.09755, 0.90780,11.18079, 0.01835,302.41123,11.58807, 0.00811, 0.08971,-0.07356, 0.07599, 0.20241,-0.00610, 0.97550, 0.28084,80.41749,1455.49670,3010.94911,-3.97102,-0.04745,-0.16714,
11.00000,3310.99018,-11.97094,9983.88265, 0.91832,11.17321, 0.02607,302.44173,11.58286, 0.00820, 0.09085,-0.07573, 0.07784, 0.20235,-0.00611, 0.97526, 0.28087,80.43426,1455.50885,3010.94911,-3.97102,-0.04745,-0.16714,
11.10000,3341.23502,-12.04864,9983.66645, 0.92901,11.16540, 0.03397,302.47261,11.57758, 0.00823, 0.09231,-0.07793, 0.07970, 0.20229,-0.00612, 0.97501, 0.28089,80.45123,1455.52108,3010.94911,-3.97102,-0.04745,-0.16714,
11.20000,3371.48297,-12.12322,9983.44886, 0.93989,11.15737, 0.04206,302.50389,11.57224, 0.00822, 0.09411,-0.08015, 0.08157, 0.20222,-0.00612, 0.97476, 0.28092,80.46841,1455.53339,3010.94911,-3.97102,-0.04745,-0.16714,
11.30000,3401.73406,-12.19462,9983.22981, 0.95101,11.14910, 0.05033,302.53557,11.56683, 0.00818, 0.09625,-0.08240, 0.08345, 0.20215,-0.00613, 0.97451, 0.28095,80.48582,1455.54578,3010.94911,-3.97102,-0.04745,-0.16714,
11.40000,3431.98834,-12.26278,9983.00920, 0.96239,11.14061, 0.05878,302.56768,11.56135, 0.00811, 0.09874,-0.08469, 0.08531, 0.20208,-0.00613, 0.97425, 0.28098,80.50346,1455.55826,3010.94911,-3.97102,-0.04745,-0.16714,
11.50000,3462.24585,-12.32765,9982.78696, 0.97407,11.13188, 0.06742,302.60021,11.55580, 0.00803, 0.10155,-0.08700, 0.08716, 0.20202,-0.00614, 0.97399, 0.28101,80.52134,1455.57083,3010.94911,-3.97102,-0.04745,-0.16714,
11.60000,3492.50662,-12.38916,9982.56298, 0.98608,11.12291, 0.07625,302.63320,11.55018, 0.00795, 0.10465,-0.08934, 0.08899, 0.20195,-0.00614, 0.97373, 0.28104,80.53945,1455.58350,3010.94911,-3.97102,-0.04745,-0.16714,
11.70000,3522.77071,-12.44725,9982.33720, 0.99845,11.11371, 0.08525,302.66663,11.54449, 0.00788, 0.10801,-0.09171, 0.09081, 0.20188,-0.00615, 0.97346, 0.28107,80.55782,1455.59627,3010.94911,-3.97102,-0.04745,-0.16714,
11.80000,3553.03816,-12.50185,9982.10950, 1.01119,11.10426, 0.09443,302.70054,11.53872, 0.00782, 0.11158,-0.09412, 0.09261, 0.20181,-0.00615, 0.97319, 0.28110,80.57645,1455.60915,3010.94911,-3.97102,-0.04745,-0.16714,
11.90000,3583.30901,-12.55291,9981.87981, 1.02434,11.09456, 0.10378,302.73493,11.53288, 0.00779, 0.11531,-0.09656, 0.09441, 0.20173,-0.00616, 0.97292, 0.28114,80.59534,1455.62215,3010.94911,-3.97102,-0.04745,-0.16714,
12.00000,3613.58332,-12.60034,9981.64803, 1.03789,11.08461, 0.11331,302.76982,11.52697, 0.00780, 0.11914,-0.09903, 0.09620, 0.20166,-0.00616, 0.97264, 0.28117,80.61450,1455.63526,3010.94911,-3.97102,-0.04745,-0.16714,
12.10000,3643.86114,-12.64407,9981.41407, 1.05186,11.07441, 0.12302,302.80521,11.52098, 0.00784, 0.12303,-0.10155, 0.09800, 0.20159,-0.00617, 0.97236, 0.28120,80.63394,1455.64849,3010.94911,-3.97102,-0.04745,-0.16714,
12.20000,3674.14250,-12.68404,9981.17783, 1.06626,11.06394, 0.13290,302.84113,11.51491, 0.00793, 0.12693,-0.10409, 0.09981, 0.20151,-0.00618, 0.97207, 0.28123,80.65366,1455.66185,3010.94911,-3.97102,-0.04745,-0.16714,
12.30000,3704.42747,-12.72018,9980.93922, 1.08108,11.05322, 0.14296,302.87758,11.50876, 0.00806, 0.13078,-0.10668, 0.10165, 0.20144,-0.00619, 0.97179, 0.28127,80.67368,1455.67535,3010.94911,-3.97102,-0.04745,-0.16714,
12.40000,3734.71610,-12.75239,9980.69814, 1.09631,11.04222, 0.15320,302.91459,11.50253, 0.00823, 0.13456,-0.10931, 0.10352, 0.20136,-0.00620, 0.97149, 0.28130,80.69401,1455.68899,3010.94911,-3.97102,-0.04745,-0.16714,
12.50000,3765.00844,-12.78061,9980.45449, 1.11194,11.03096, 0.16363,302.95216,11.49621, 0.00844, 0.13824,-0.11198, 0.10543, 0.20128,-0.00621, 0.97120, 0.28134,80.71464,1455.70277,3010.94911,-3.97102,-0.04745,-0.16714,
12.60000,3795.30454,-12.80475,9980.20817, 1.12797,11.01942, 0.17424,302.99030,11.48981, 0.00869, 0.14178,-0.11470, 0.10739, 0.20120,-0.00623, 0.97090, 0.28137,80.73559,1455.71671,3010.94911,-3.97102,-0.04745,-0.16714,
12.70000,3825.60447,-12.82474,9979.95908, 1.14439,11.00760, 0.18505,303.02904,11.48332, 0.00897, 0.14518,-0.11746, 0.10940, 0.20112,-0.00624, 0.97059, 0.28141,80.75687,1455.73080,3010.94911,-3.97102,-0.04745,-0.16714,
12.80000,3855.90829,-12.84048,9979.70712, 1.16117,10.99549, 0.19605,303.06839,11.47674, 0.00928, 0.14843,-0.12027, 0.11149, 0.20104,-0.00626, 0.97029, 0.28144,80.77848,1455.74505,3010.94911,-3.97102,-0.04745,-0.16714,
12.90000,3886.21605,-12.85189,9979.45218, 1.17830,10.98310, 0.20726,303.10836,11.47006, 0.00961, 0.15153,-0.12313, 0.11364, 0.20096,-0.00627, 0.96997, 0.28148,80.80043,1455.75947,3010.94911,-3.97102,-0.04745,-0.16714,
13.00000,3916.52781,-12.85889,9979.19415, 1.19578,10.97041, 0.21868,303.14897,11.46329, 0.00996, 0.15451,-0.12603, 0.11587, 0.20088,-0.00629, 0.96966, 0.28152,80.82273,1455.77407,3010.94911,-3.97102,-0.04745,-0.16714,
13.10000,3946.84364,-12.86139,9978.93294, 1.21359,10.95741, 0.23033,303.19023,11.45642, 0.01031, 0.15737,-0.12899, 0.11818, 0.20079,-0.00630, 0.96933, 0.28156,80.84540,1455.78885,3010.94911,-3.97102,-0.04745,-0.16714,
13.20000,3977.16360,-12.85929,9978.66843, 1.23172,10.94411, 0.24220,303.23216,11.44946, 0.01066, 0.16014,-0.13200, 0.12056, 0.20071,-0.00632, 0.96901, 0.28159,80.86843,1455.80381,3010.94911,-3.97102,-0.04745,-0.16714,
13.30000,4007.48775,-12.85250,9978.40050, 1.25017,10.93050, 0.25431,303.27478,11.44239, 0.01101, 0.16286,-0.13506, 0.12302, 0.20062,-0.00633, 0.96868, 0.28163,80.89184,1455.81897,3010.94911,-3.97102,-0.04745,-0.16714,
13.40000,4037.81618,-12.84093,9978.12906, 1.26893,10.91657, 0.26665,303.31810,11.43521, 0.01135, 0.16555,-0.13818, 0.12556, 0.20053,-0.00635, 0.96834, 0.28167,80.91564,1455.83433,3010.94911,-3.97102,-0.04745,-0.16714,
13.50000,4068.14893,-12.82449,9977.85398, 1.28801,10.90231, 0.27925,303.36213,11.42793, 0.01167, 0.16826,-0.14135, 0.12817, 0.20044,-0.00637, 0.96800, 0.28171,80.93983,1455.84989,3010.94911,-3.97102,-0.04745,-0.16714,
13.60000,4098.48609,-12.80306,9977.57514, 1.30740,10.88773, 0.29211,303.40691,11.42053, 0.01197, 0.17100,-0.14457, 0.13084, 0.20035,-0.00638, 0.96765, 0.28176,80.96443,1455.86566,3010.94911,-3.97102,-0.04745,-0.16714,
13.70000,4128.82772,-12.77657,9977.29244, 1.32711,10.87280, 0.30522,303.45243,11.41303, 0.01226, 0.17382,-0.14786, 0.13358, 0.20026,-0.00640, 0.96730, 0.28180,80.98945,1455.88166,3010.94911,-3.97102,-0.04745,-0.16714,
13.80000,4159.17390,-12.74490,9977.00575, 1.34717,10.85754, 0.31861,303.49873,11.40541, 0.01252, 0.17675,-0.15120, 0.13639, 0.20017,-0.00641, 0.96694, 0.28184,81.01489,1455.89788,3010.94911,-3.97102,-0.04745,-0.16714,
13.90000,4189.52470,-12.70795,9976.71495, 1.36756,10.84193, 0.33227,303.54582,11.39767, 0.01277, 0.17981,-0.15460, 0.13924, 0.20007,-0.00642, 0.96658, 0.28188,81.04077,1455.91433,3010.94911,-3.97102,-0.04745,-0.16714,
14.00000,4219.88021,-12.66562,9976.41991, 1.38832,10.82596, 0.34621,303.59371,11.38980, 0.01300, 0.18302,-0.15806, 0.14215, 0.19997,-0.00644, 0.96621, 0.28193,81.06709,1455.93102,3010.94911,-3.97102,-0.04745,-0.16714,
14.10000,4250.24050,-12.61780,9976.12052, 1.40946,10.80963, 0.36043,303.64242,11.38182, 0.01321, 0.18640,-0.16159, 0.14510, 0.19988,-0.00645, 0.96584, 0.28197,81.09387,1455.94796,3010.94911,-3.97102,-0.04745,-0.16714,
14.20000,4280.60564,-12.56438,9975.81664, 1.43100,10.79294, 0.37493,303.69198,11.37371, 0.01340, 0.18997,-0.16518, 0.14809, 0.19978,-0.00647, 0.96546, 0.28202,81.12112,1455.96515,3010.94911,-3.97102,-0.04745,-0.16714,
14.30000,4310.97573,-12.50525,9975.50814, 1.45295,10.77587, 0.38973,303.74241,11.36547, 0.01359, 0.19371,-0.16883, 0.15113, 0.19968,-0.00648, 0.96507, 0.28207,81.14884,1455.98261,3010.94911,-3.97102,-0.04745,-0.16714,
14.40000,4341.35084,-12.44029,9975.19490, 1.47533,10.75841, 0.40482,303.79371,11.35709, 0.01377, 0.19764,-0.17255, 0.15420, 0.19957,-0.00649, 0.96468, 0.28211,81.17705,1456.00033,3010.94911,-3.97102,-0.04745,-0.16714,
14.50000,4371.73107,-12.36940,9974.87677, 1.49817,10.74057, 0.42021,303.84592,11.34858, 0.01395, 0.20175,-0.17634, 0.15730, 0.19947,-0.00651, 0.96428, 0.28216,81.20576,1456.01833,3010.94911,-3.97102,-0.04745,-0.16714,
14.60000,4402.11649,-12.29245,9974.55363, 1.52148,10.72233, 0.43589,303.89905,11.33993, 0.01413, 0.20602,-0.18021, 0.16045, 0.19936,-0.00652, 0.96388, 0.28221,81.23499,1456.03661,3010.94911,-3.97102,-0.04745,-0.16714,
14.70000,4432.50721,-12.20932,9974.22534, 1.54527,10.70369, 0.45188,303.95313,11.33114, 0.01433, 0.21046,-0.18414, 0.16363, 0.19925,-0.00653, 0.96347, 0.28226,81.26473,1456.05519,3010.94911,-3.97102,-0.04745,-0.16714,
14.80000,4462.90330,-12.11989,9973.89174, 1.56957,10.68463, 0.46818,304.00816,11.32220, 0.01453, 0.21503,-0.18815, 0.16684, 0.19915,-0.00655, 0.96305, 0.28231,81.29502,1456.07406,3010.94911,-3.97102,-0.04745,-0.16714,
14.90000,4493.30487,-12.02404,9973.55271, 1.59438,10.66516, 0.48478,304.06419,11.31311, 0.01474, 0.21972,-0.19224, 0.17010, 0.19903,-0.00656, 0.96262, 0.28236,81.32585,1456.09325,3010.94911,-3.97102,-0.04745,-0.16714,
15.00000,4523.71201,-11.92163,9973.20809, 1.61972,10.64525, 0.50169,304.12122,11.30387, 0.01498, 0.22452,-0.19641, 0.17341, 0.19892,-0.00658, 0.96218, 0.28241,81.35723,1456.11275,3010.94911,-3.97102,-0.04745,-0.16714,
15.10000,4554.12481,-11.81254,9972.85773, 1.64560,10.62491, 0.51893,304.17929,11.29447, 0.01523, 0.22941,-0.20066, 0.17676, 0.19881,-0.00660, 0.96174, 0.28247,81.38920,1456.13257,3010.94911,-3.97102,-0.04745,-0.16714,
15.20000,4584.54338,-11.69663,9972.50149, 1.67202,10.60412, 0.53648,304.23840,11.28491, 0.01551, 0.23436,-0.20500, 0.18016, 0.19869,-0.00661, 0.96129, 0.28252,81.42174,1456.15273,3010.94911,-3.97102,-0.04745,-0.16714,
15.30000,4614.96781,-11.57376,9972.13921, 1.69899,10.58287, 0.55435,304.29859,11.27518, 0.01581, 0.23937,-0.20943, 0.18362, 0.19857,-0.00663, 0.96083, 0.28258,81.45489,1456.17323,3010.94911,-3.97102,-0.04745,-0.16714,
15.40000,4645.39822,-11.44381,9971.77073, 1.72652,10.56116, 0.57256,304.35989,11.26529, 0.01612, 0.24441,-0.21394, 0.18715, 0.19845,-0.00665, 0.96037, 0.28263,81.48864,1456.19408,3010.94911,-3.97102,-0.04745,-0.16714,
15.50000,4675.83470,-11.30662,9971.39589, 1.75461,10.53897, 0.59110,304.42230,11.25522, 0.01646, 0.24949,-0.21856, 0.19074, 0.19833,-0.00667, 0.95989, 0.28269,81.52303,1456.21529,3010.94911,-3.97102,-0.04745,-0.16714,
15.60000,4706.27737,-11.16206,9971.01454, 1.78326,10.51630, 0.60998,304.48587,11.24497, 0.01682, 0.25459,-0.22327, 0.19440, 0.19820,-0.00669, 0.95941, 0.28275,81.55805,1456.23687,3010.94911,-3.97102,-0.04745,-0.16714,
15.70000,4736.72633,-11.00997,9970.62649, 1.81248,10.49312, 0.62922,304.55061,11.23454, 0.01720, 0.25971,-0.22808, 0.19814, 0.19807,-0.00671, 0.95891, 0.28281,81.59373,1456.25883,3010.94911,-3.97102,-0.04745,-0.16714,
15.80000,4767.18170,-10.85021,9970.23159, 1.84228,10.46945, 0.64880,304.61655,11.22392, 0.01760, 0.26485,-0.23299, 0.20196, 0.19794,-0.00673, 0.95841, 0.28287,81.63007,1456.28117,3010.94911,-3.97102,-0.04745,-0.16714,
15.90000,4797.64359,-10.68263,9969.82965, 1.87264,10.44525, 0.66875,304.68372,11.21310, 0.01800, 0.27002,-0.23802, 0.20587, 0.19781,-0.00675, 0.95790, 0.28293,81.66710,1456.30392,3010.94911,-3.97102,-0.04745,-0.16714,
16.00000,4828.11212,-10.50707,9969.42051, 1.90358,10.42052, 0.68907,304.75214,11.20209, 0.01842, 0.27523,-0.24315, 0.20985, 0.19768,-0.00677, 0.95737, 0.28300,81.70483,1456.32707,3010.94911,-3.97102,-0.04745,-0.16714,
16.10000,4858.58741,-10.32337,9969.00398, 1.93510,10.39525, 0.70976,304.82185,11.19087, 0.01885, 0.28047,-0.24840, 0.21393, 0.19754,-0.00679, 0.95684, 0.28306,81.74328,1456.35064,3010.94911,-3.97102,-0.04745,-0.16714,
16.20000,4889.06958,-10.13137,9968.57988, 1.96722,10.36942, 0.73084,304.89286,11.17944, 0.01928, 0.28578,-0.25376, 0.21810, 0.19740,-0.00682, 0.95629, 0.28313,81.78246,1456.37464,3010.94911,-3.97102,-0.04745,-0.16714,
16.30000,4919.55875,-9.93091,9968.14801, 1.99992,10.34302, 0.75231,304.96522,11.16780, 0.01972, 0.29115,-0.25925, 0.22236, 0.19726,-0.00684, 0.95574, 0.28319,81.82238,1456.39908,3010.94911,-3.97102,-0.04745,-0.16714,
16.40000,4950.05506,-9.72183,9967.70820, 2.03323,10.31604, 0.77418,305.03894,11.15594, 0.02016, 0.29662,-0.26486, 0.22670, 0.19711,-0.00686, 0.95517, 0.28326,81.86307,1456.42397,3010.94911,-3.97102,-0.04745,-0.16714,
16.50000,4980.55863,-9.50395,9967.26023, 2.06715,10.28847, 0.79646,305.11406,11.14385, 0.02060, 0.30219,-0.27060, 0.23114, 0.19696,-0.00689, 0.95459, 0.28333,81.90455,1456.44932,3010.94911,-3.97102,-0.04745,-0.16714,
16.60000,5011.06960,-9.27710,9966.80392, 2.10170,10.26028, 0.81915,305.19061,11.13152, 0.02103, 0.30787,-0.27648, 0.23568, 0.19681,-0.00691, 0.95399, 0.28340,81.94682,1456.47515,3010.94911,-3.97102,-0.04745,-0.16714,
16.70000,5041.58810,-9.04111,9966.33905, 2.13689,10.23148, 0.84227,305.26863,11.11896, 0.02147, 0.31370,-0.28249, 0.24030, 0.19666,-0.00693, 0.95339, 0.28347,81.98992,1456.50146,3010.94911,-3.97102,-0.04745,-0.16714,
16.80000,5072.11426,-8.79580,9965.86542, 2.17274,10.20203, 0.86582,305.34814,11.10615, 0.02191, 0.31968,-0.28865, 0.24501, 0.19650,-0.00696, 0.95277, 0.28355,82.03385,1456.52826,3010.94911,-3.97102,-0.04745,-0.16714,
16.90000,5102.64824,-8.54098,9965.38280, 2.20925,10.17193, 0.88980,305.42918,11.09308, 0.02234, 0.32582,-0.29495, 0.24982, 0.19634,-0.00698, 0.95213, 0.28362,82.07864,1456.55558,3010.94911,-3.97102,-0.04745,-0.16714,
17.00000,5133.19017,-8.27647,9964.89099, 2.24646,10.14115, 0.91423,305.51178,11.07976, 0.02278, 0.33215,-0.30140, 0.25472, 0.19618,-0.00701, 0.95148, 0.28370,82.12430,1456.58341,3010.94911,-3.97102,-0.04745,-0.16714,
17.10000,5163.74020,-8.00209,9964.38975, 2.28437,10.10969, 0.93912,305.59598,11.06617, 0.02322, 0.33866,-0.30801, 0.25970, 0.19601,-0.00703, 0.95082, 0.28377,82.17086,1456.61178,3010.94911,-3.97102,-0.04745,-0.16714,
17.20000,5194.29848,-7.71763,9963.87886, 2.32301,10.07752, 0.96446,305.68181,11.05230, 0.02365, 0.34537,-0.31478, 0.26478, 0.19584,-0.00706, 0.95014, 0.28385,82.21834,1456.64070,3010.94911,-3.97102,-0.04745,-0.16714,
17.30000,5224.86517,-7.42291,9963.35808, 2.36240,10.04463, 0.99027,305.76931,11.03815, 0.02409, 0.35229,-0.32171, 0.26995, 0.19567,-0.00708, 0.94945, 0.28393,82.26676,1456.67017,3010.94911,-3.97102,-0.04745,-0.16714,
17.40000,5255.44041,-7.11772,9962.82717, 2.40256,10.01100, 1.01655,305.85852,11.02371, 0.02454, 0.35941,-0.32882, 0.27520, 0.19549,-0.00711, 0.94874, 0.28402,82.31614,1456.70022,3010.94911,-3.97102,-0.04745,-0.16714,
17.50000,5286.02438,-6.80187,9962.28589, 2.44351, 9.97661, 1.04331,305.94948,11.00897, 0.02499, 0.36675,-0.33611, 0.28056, 0.19531,-0.00713, 0.94801, 0.28410,82.36650,1456.73086,3010.94911,-3.97102,-0.04745,-0.16714,
17.60000,5316.61722,-6.47514,9961.73397, 2.48528, 9.94144, 1.07057,306.04223,10.99392, 0.02546, 0.37430,-0.34359, 0.28601, 0.19513,-0.00716, 0.94726, 0.28419,82.41787,1456.76210,3010.94911,-3.97102,-0.04745,-0.16714,
17.70000,5347.21912,-6.13732,9961.17116, 2.52788, 9.90547, 1.09831,306.13680,10.97856, 0.02593, 0.38207,-0.35125, 0.29155, 0.19494,-0.00719, 0.94650, 0.28427,82.47027,1456.79396,3010.94911,-3.97102,-0.04745,-0.16714,
17.80000,5377.83024,-5.78821,9960.59720, 2.57133, 9.86868, 1.12656,306.23325,10.96287, 0.02642, 0.39004,-0.35912, 0.29720, 0.19475,-0.00722, 0.94571, 0.28436,82.52372,1456.82644,3010.94911,-3.97102,-0.04745,-0.16714,
17.90000,5408.45074,-5.42758,9960.01181, 2.61566, 9.83105, 1.15531,306.33160,10.94685, 0.02692, 0.39823,-0.36719, 0.30295, 0.19455,-0.00725, 0.94491, 0.28445,82.57825,1456.85958,3010.94911,-3.97102,-0.04745,-0.16714,
18.00000,5439.08082,-5.05520,9959.41471, 2.66089, 9.79255, 1.18459,306.43192,10.93048, 0.02744, 0.40663,-0.37547, 0.30881, 0.19435,-0.00728, 0.94409, 0.28455,82.63389,1456.89338,3010.94911,-3.97102,-0.04745,-0.16714,
18.10000,5469.72065,-4.67086,9958.80561, 2.70704, 9.75316, 1.21439,306.53423,10.91375, 0.02797, 0.41523,-0.38397, 0.31478, 0.19415,-0.00731, 0.94324, 0.28464,82.69066,1456.92786,3010.94911,-3.97102,-0.04745,-0.16714,
18.20000,5500.37041,-4.27432,9958.18423, 2.75413, 9.71286, 1.24472,306.63860,10.89666, 0.02852, 0.42405,-0.39271, 0.32086, 0.19394,-0.00734, 0.94238, 0.28474,82.74858,1456.96304,3010.94911,-3.97102,-0.04745,-0.16714,
18.30000,5531.03029,-3.86535,9957.55025, 2.80218, 9.67162, 1.27559,306.74506,10.87919, 0.02909, 0.43307,-0.40168, 0.32706, 0.19372,-0.00737, 0.94149, 0.28483,82.80769,1456.99892,3010.94911,-3.97102,-0.04745,-0.16714,
18.40000,5561.70049,-3.44370,9956.90336, 2.85122, 9.62941, 1.30701,306.85367,10.86133, 0.02968, 0.44231,-0.41091, 0.33339, 0.19351,-0.00740, 0.94057, 0.28493,82.86802,1457.03555,3010.94911,-3.97102,-0.04745,-0.16714,
18.50000,5592.38120,-3.00913,9956.24326, 2.90126, 9.58621, 1.33899,306.96447,10.84307, 0.03029, 0.45176,-0.42038, 0.33985, 0.19328,-0.00744, 0.93963, 0.28504,82.92959,1457.07292,3010.94911,-3.97102,-0.04745,-0.16714,
18.60000,5623.07262,-2.56140,9955.56960, 2.95232, 9.54199, 1.37154,307.07753,10.82440, 0.03091, 0.46143,-0.43013, 0.34643, 0.19305,-0.00747, 0.93867, 0.28514,82.99244,1457.11105,3010.94911,-3.97102,-0.04745,-0.16714,
18.70000,5653.77497,-2.10025,9954.88205, 3.00444, 9.49672, 1.40467,307.19289,10.80530, 0.03155, 0.47133,-0.44015, 0.35316, 0.19282,-0.00751, 0.93768, 0.28525,83.05660,1457.14998,3010.94911,-3.97102,-0.04745,-0.16714,
18.80000,5684.48843,-1.62542,9954.18027, 3.05762, 9.45037, 1.43838,307.31061,10.78577, 0.03221, 0.48146,-0.45046, 0.36003, 0.19258,-0.00754, 0.93666, 0.28536,83.12209,1457.18971,3010.94911,-3.97102,-0.04745,-0.16714,
18.90000,5715.21324,-1.13664,9953.46389, 3.11191, 9.40290, 1.47269,307.43074,10.76577, 0.03289, 0.49184,-0.46108, 0.36704, 0.19233,-0.00758, 0.93561, 0.28547,83.18895,1457.23027,3010.94911,-3.97102,-0.04745,-0.16714,
19.00000,5745.94961,-0.63366,9952.73255, 3.16731, 9.35429, 1.50761,307.55335,10.74531, 0.03359, 0.50247,-0.47200, 0.37420, 0.19208,-0.00762, 0.93453, 0.28558,83.25723,1457.27168,3010.94911,-3.97102,-0.04745,-0.16714,
19.10000,5776.69777,-0.11620,9951.98588, 3.22386, 9.30450, 1.54315,307.67849,10.72437, 0.03430, 0.51338,-0.48325, 0.38152, 0.19182,-0.00766, 0.93342, 0.28569,83.32694,1457.31395,3010.94911,-3.97102,-0.04745,-0.16714,
19.20000,5807.45793, 0.41602,9951.22348, 3.28159, 9.25349, 1.57931,307.80623,10.70292, 0.03502, 0.52457,-0.49483, 0.38900, 0.19156,-0.00769, 0.93228, 0.28581,83.39814,1457.35712,3010.94911,-3.97102,-0.04745,-0.16714,
19.30000,5838.23034, 0.96329,9950.44495, 3.34052, 9.20123, 1.61611,307.93663,10.68096, 0.03576, 0.53607,-0.50677, 0.39664, 0.19129,-0.00774, 0.93110, 0.28593,83.47085,1457.40120,3010.94911,-3.97102,-0.04745,-0.16714,
19.40000,5869.01523, 1.52588,9949.64989, 3.40068, 9.14768, 1.65355,308.06976,10.65847, 0.03651, 0.54789,-0.51907, 0.40444, 0.19102,-0.00778, 0.92989, 0.28606,83.54511,1457.44622,3010.94911,-3.97102,-0.04745,-0.16714,
19.50000,5899.81285, 2.10410,9948.83785, 3.46212, 9.09279, 1.69166,308.20568,10.63543, 0.03728, 0.56005,-0.53175, 0.41242, 0.19073,-0.00782, 0.92864, 0.28618,83.62097,1457.49220,3010.94911,-3.97102,-0.04745,-0.16714,
19.60000,5930.62344, 2.69824,9948.00842, 3.52485, 9.03652, 1.73043,308.34447,10.61181, 0.03806, 0.57256,-0.54483, 0.42057, 0.19044,-0.00786, 0.92736, 0.28631,83.69847,1457.53917,3010.94911,-3.97102,-0.04745,-0.16714,
19.70000,5961.44727, 3.30861,9947.16112, 3.58893, 8.97884, 1.76989,308.48619,10.58761, 0.03886, 0.58546,-0.55832, 0.42890, 0.19014,-0.00791, 0.92603, 0.28644,83.77766,1457.58715,3010.94911,-3.97102,-0.04745,-0.16714,
19.80000,5992.28458, 3.93551,9946.29551, 3.65438, 8.91969, 1.81003,308.63093,10.56280, 0.03967, 0.59875,-0.57224, 0.43741, 0.18984,-0.00795, 0.92466, 0.28657,83.85856,1457.63617,3010.94911,-3.97102,-0.04745,-0.16714,
19.90000,6023.13565, 4.57927,9945.41109, 3.72125, 8.85903, 1.85088,308.77876,10.53735, 0.04050, 0.61246,-0.58662, 0.44611, 0.18953,-0.00800, 0.92325, 0.28671,83.94124,1457.68626,3010.94911,-3.97102,-0.04745,-0.16714,
20.00000,6054.00075, 5.24020,9944.50736, 3.78958, 8.79681, 1.89244,308.92976,10.51126, 0.04134, 0.62661,-0.60146, 0.45499, 0.18920,-0.00804, 0.92179, 0.28685,84.02573,1457.73744,3010.94911,-3.97102,-0.04745,-0.16714,
20.10000,6084.88016, 5.91863,9943.58383, 3.85941, 8.73297, 1.93472,309.08402,10.48449, 0.04220, 0.64122,-0.61679, 0.46408, 0.18888,-0.00809, 0.92029, 0.28699,84.11209,1457.78974,3010.94911,-3.97102,-0.04745,-0.16714,
20.20000,6115.77415, 6.61490,9942.63994, 3.93079, 8.66747, 1.97773,309.24161,10.45701, 0.04307, 0.65630,-0.63263, 0.47336, 0.18854,-0.00814, 0.91873, 0.28714,84.20038,1457.84320,3010.94911,-3.97102,-0.04745,-0.16714,
20.30000,6146.68303, 7.32934,9941.67517, 4.00376, 8.60023, 2.02149,309.40263,10.42882, 0.04397, 0.67189,-0.64901, 0.48285, 0.18819,-0.00819, 0.91713, 0.28728,84.29063,1457.89784,3010.94911,-3.97102,-0.04745,-0.16714,
20.40000,6177.60708, 8.06231,9940.68894, 4.07838, 8.53122, 2.06600,309.56716,10.39987, 0.04488, 0.68801,-0.66595, 0.49255, 0.18783,-0.00824, 0.91547, 0.28744,84.38290,1457.95370,3010.94911,-3.97102,-0.04745,-0.16714,
20.50000,6208.54662, 8.81414,9939.68066, 4.15470, 8.46036, 2.11127,309.73531,10.37014, 0.04582, 0.70466,-0.68347, 0.50247, 0.18747,-0.00829, 0.91375, 0.28759,84.47726,1458.01081,3010.94911,-3.97102,-0.04745,-0.16714,
20.60000,6239.50196, 9.58522,9938.64973, 4.23277, 8.38758, 2.15732,309.90717,10.33960, 0.04678, 0.72188,-0.70160, 0.51261, 0.18709,-0.00835, 0.91197, 0.28775,84.57376,1458.06921,3010.94911,-3.97102,-0.04745,-0.16714,
20.70000,6270.47340,10.37589,9937.59552, 4.31264, 8.31283, 2.20416,310.08284,10.30822, 0.04776, 0.73969,-0.72038, 0.52298, 0.18670,-0.00840, 0.91013, 0.28791,84.67246,1458.12892,3010.94911,-3.97102,-0.04745,-0.16714,
20.80000,6301.46128,11.18653,9936.51739, 4.39438, 8.23602, 2.25179,310.26242,10.27597, 0.04877, 0.75812,-0.73983, 0.53360, 0.18631,-0.00846, 0.90823, 0.28808,84.77342,1458.18999,3010.94911,-3.97102,-0.04745,-0.16714,
20.90000,6332.46594,12.01753,9935.41465, 4.47805, 8.15709, 2.30022,310.44602,10.24282, 0.04980, 0.77718,-0.75998, 0.54445, 0.18590,-0.00852, 0.90625, 0.28825,84.87672,1458.25246,3010.94911,-3.97102,-0.04745,-0.16714,
21.00000,6363.48771,12.86926,9934.28662, 4.56370, 8.07596, 2.34947,310.63377,10.20872, 0.05087, 0.79691,-0.78087, 0.55557, 0.18548,-0.00858, 0.90421, 0.28842,84.98241,1458.31637,3010.94911,-3.97102,-0.04745,-0.16714,
21.10000,6394.52694,13.74213,9933.13257, 4.65140, 7.99255, 2.39954,310.82576,10.17365, 0.05196, 0.81733,-0.80254, 0.56694, 0.18505,-0.00864, 0.90209, 0.28860,85.09056,1458.38174,3010.94911,-3.97102,-0.04745,-0.16714,
21.20000,6425.58399,14.63652,9931.95176, 4.74123, 7.90676, 2.45045,311.02213,10.13756, 0.05308, 0.83848,-0.82502, 0.57859, 0.18460,-0.00870, 0.89989, 0.28878,85.20126,1458.44864,3010.94911,-3.97102,-0.04745,-0.16714,
21.30000,6456.65922,15.55286,9930.74340, 4.83325, 7.81851, 2.50221,311.22299,10.10041, 0.05423, 0.86039,-0.84836, 0.59052, 0.18415,-0.00876, 0.89761, 0.28896,85.31457,1458.51711,3010.94911,-3.97102,-0.04745,-0.16714,
21.40000,6487.75302,16.49156,9929.50668, 4.92753, 7.72771, 2.55481,311.42848,10.06216, 0.05542, 0.88309,-0.87259, 0.60275, 0.18367,-0.00883, 0.89525, 0.28915,85.43057,1458.58718,3010.94911,-3.97102,-0.04745,-0.16714,
21.50000,6518.86575,17.45303,9928.24078, 5.02415, 7.63425, 2.60829,311.63874,10.02276, 0.05664, 0.90663,-0.89778, 0.61527, 0.18319,-0.00890, 0.89279, 0.28935,85.54935,1458.65890,3010.94911,-3.97102,-0.04745,-0.16714,
21.60000,6549.99782,18.43771,9926.94482, 5.12320, 7.53804, 2.66263,311.85390, 9.98218, 0.05789, 0.93042,-0.92322, 0.62809, 0.18270,-0.00895, 0.89021, 0.28954,85.67100,1458.73234,3010.94911,-3.97102,-0.04745,-0.16714,
21.70000,6581.14963,19.44605,9925.61789, 5.22445, 7.43932, 2.71788,312.07421, 9.94072, 0.05915, 0.94988,-0.94328, 0.64107, 0.18222,-0.00898, 0.88758, 0.28975,85.79564,1458.80753,3010.94911,-3.97102,-0.04745,-0.16714,
21.80000,6612.32161,20.47849,9924.25907, 5.32745, 7.33870, 2.77409,312.29974, 9.89897, 0.06034, 0.96470,-0.95707, 0.65419, 0.18175,-0.00901, 0.88504, 0.28996,85.92335,1458.88453,3010.94911,-3.97102,-0.04745,-0.16714,
21.90000,6643.51416,21.53551,9922.86744, 5.43176, 7.23678, 2.83133,312.53055, 9.85747, 0.06139, 0.97565,-0.96502, 0.66742, 0.18128,-0.00904, 0.88261, 0.29017,86.05415,1458.96339,3010.94911,-3.97102,-0.04745,-0.16714,
22.00000,6674.72772,22.61759,9921.44214, 5.53703, 7.13410, 2.88965,312.76663, 9.81671, 0.06224, 0.98349,-0.96757, 0.68074, 0.18083,-0.00907, 0.88034, 0.29039,86.18805,1459.04417,3010.94911,-3.97102,-0.04745,-0.16714,
22.10000,6705.96270,23.72520,9919.98235, 5.64300, 7.03119, 2.94910,313.00798, 9.77709, 0.06283, 0.98894,-0.96519, 0.69410, 0.18040,-0.00909, 0.87825, 0.29061,86.32506,1459.12691,3010.94911,-3.97102,-0.04745,-0.16714,
22.20000,6737.21952,24.85884,9918.48730, 5.74946, 6.92850, 3.00973,313.25455, 9.73895, 0.06316, 0.99269,-0.95838, 0.70744, 0.17999,-0.00911, 0.87637, 0.29084,86.46516,1459.21164,3010.94911,-3.97102,-0.04745,-0.16714,
22.30000,6768.49858,26.01903,9916.95629, 5.85627, 6.82643, 3.07158,313.50626, 9.70258, 0.06320, 0.99535,-0.94764, 0.72068, 0.17961,-0.00912, 0.87472, 0.29107,86.60832,1459.29842,3010.94911,-3.97102,-0.04745,-0.16714,
22.40000,6799.80029,27.20626,9915.38869, 5.96336, 6.72536, 3.13467,313.76303, 9.66820, 0.06296, 0.99745,-0.93343, 0.73376, 0.17926,-0.00912, 0.87332, 0.29130,86.75450,1459.38728,3010.94911,-3.97102,-0.04745,-0.16714,
22.50000,6831.12505,28.42107,9913.78395, 6.07069, 6.62561, 3.19902,314.02477, 9.63598, 0.06246, 0.99944,-0.91626, 0.74660, 0.17893,-0.00911, 0.87216, 0.29155,86.90366,1459.47825,3010.94911,-3.97102,-0.04745,-0.16714,
22.60000,6862.47322,29.66399,9912.14161, 6.17825, 6.52743, 3.26464,314.29134, 9.60604, 0.06174, 1.00168,-0.89657, 0.75916, 0.17864,-0.00910, 0.87127, 0.29179,87.05574,1459.57135,3010.94911,-3.97102,-0.04745,-0.16714,
22.70000,6893.84519,30.93557,9910.46126, 6.28610, 6.43106, 3.33153,314.56263, 9.57845, 0.06085, 1.00442,-0.87482, 0.77137, 0.17838,-0.00909, 0.87063, 0.29204,87.21068,1459.66661,3010.94911,-3.97102,-0.04745,-0.16714,
22.80000,6925.24130,32.23637,9908.74261, 6.39428, 6.33668, 3.39967,314.83850, 9.55323, 0.05983, 1.00782,-0.85142, 0.78319, 0.17815,-0.00907, 0.87024, 0.29230,87.36841,1459.76405,3010.94911,-3.97102,-0.04745,-0.16714,
22.90000,6956.66192,33.56695,9906.98542, 6.50287, 6.24443, 3.46906,315.11881, 9.53039, 0.05875, 1.01196,-0.82676, 0.79460, 0.17795,-0.00906, 0.87011, 0.29255,87.52887,1459.86368,3010.94911,-3.97102,-0.04745,-0.16714,
23.00000,6988.10736,34.92790,9905.18955, 6.61193, 6.15442, 3.53967,315.40340, 9.50988, 0.05765, 1.01684,-0.80120, 0.80557, 0.17778,-0.00904, 0.87021, 0.29282,87.69196,1459.96551,3010.94911,-3.97102,-0.04745,-0.16714,
23.10000,7019.57795,36.31982,9903.35493, 6.72152, 6.06673, 3.61146,315.69214, 9.49163, 0.05662, 1.02236,-0.77508, 0.81612, 0.17764,-0.00902, 0.87055, 0.29308,87.85763,1460.06954,3010.94911,-3.97102,-0.04745,-0.16714,
23.20000,7051.07401,37.74331,9901.48156, 6.83172, 5.98138, 3.68443,315.98486, 9.47554, 0.05569, 1.02840,-0.74870, 0.82626, 0.17752,-0.00901, 0.87110, 0.29335,88.02580,1460.17578,3010.94911,-3.97102,-0.04745,-0.16714,
23.30000,7082.59582,39.19897,9899.56951, 6.94254, 5.89839, 3.75852,316.28141, 9.46150, 0.05492, 1.03477,-0.72232, 0.83601, 0.17743,-0.00900, 0.87186, 0.29363,88.19638,1460.28421,3010.94911,-3.97102,-0.04745,-0.16714,
23.40000,7114.14367,40.68746,9897.61892, 7.05402, 5.81776, 3.83372,316.58166, 9.44937, 0.05436, 1.04124,-0.69618, 0.84542, 0.17737,-0.00899, 0.87281, 0.29390,88.36930,1460.39484,3010.94911,-3.97102,-0.04745,-0.16714,
23.50000,7145.71782,42.20938,9895.62999, 7.16614, 5.73943, 3.91000,316.88545, 9.43901, 0.05404, 1.04758,-0.67048, 0.85453, 0.17732,-0.00899, 0.87393, 0.29418,88.54448,1460.50765,3010.94911,-3.97102,-0.04745,-0.16714,
23.60000,7177.31854,43.76541,9893.60297, 7.27888, 5.66336, 3.98733,317.19264, 9.43027, 0.05398, 1.05356,-0.64541, 0.86341, 0.17729,-0.00900, 0.87521, 0.29446,88.72186,1460.62262,3010.94911,-3.97102,-0.04745,-0.16714,
23.70000,7208.94608,45.35619,9891.53817, 7.39219, 5.58948, 4.06569,317.50310, 9.42298, 0.05420, 1.05893,-0.62110, 0.87212, 0.17729,-0.00902, 0.87663, 0.29475,88.90137,1460.73975,3010.94911,-3.97102,-0.04745,-0.16714,
23.80000,7240.60065,46.98239,9889.43593, 7.50600, 5.51770, 4.14507,317.81669, 9.41699, 0.05469, 1.06349,-0.59767, 0.88073, 0.17729,-0.00904, 0.87817, 0.29504,89.08292,1460.85901,3010.94911,-3.97102,-0.04745,-0.16714,
23.90000,7272.28250,48.64468,9887.29664, 7.62022, 5.44793, 4.22545,318.13330, 9.41212, 0.05546, 1.06706,-0.57521, 0.88930, 0.17732,-0.00907, 0.87983, 0.29533,89.26647,1460.98038,3010.94911,-3.97102,-0.04745,-0.16714,
24.00000,7303.99183,50.34374,9885.12072, 7.73474, 5.38006, 4.30683,318.45279, 9.40822, 0.05648, 1.06950,-0.55379, 0.89790, 0.17735,-0.00911, 0.88158, 0.29562,89.45195,1461.10383,3010.94911,-3.97102,-0.04745,-0.16714,
24.10000,7335.72884,52.08025,9882.90863, 7.84943, 5.31397, 4.38921,318.77507, 9.40514, 0.05773, 1.07071,-0.53343, 0.90659, 0.17739,-0.00915, 0.88341, 0.29592,89.63930,1461.22935,3010.94911,-3.97102,-0.04745,-0.16714,
24.20000,7367.49373,53.85492,9880.66084, 7.96419, 5.24957, 4.47259,319.10004, 9.40271, 0.05916, 1.07067,-0.51416, 0.91541, 0.17744,-0.00920, 0.88530, 0.29622,89.82846,1461.35690,3010.94911,-3.97102,-0.04745,-0.16714,
24.30000,7399.28667,55.66842,9878.37784, 8.07887, 5.18673, 4.55699,319.42758, 9.40080, 0.06074, 1.06936,-0.49599, 0.92442, 0.17749,-0.00925, 0.88724, 0.29652,90.01939,1461.48645,3010.94911,-3.97102,-0.04745,-0.16714,
24.40000,7431.10785,57.52147,9876.06016, 8.19337, 5.12534, 4.64240,319.75761, 9.39928, 0.06242, 1.06685,-0.47888, 0.93364, 0.17755,-0.00930, 0.88922, 0.29683,90.21205,1461.61799,3010.94911,-3.97102,-0.04745,-0.16714,
24.50000,7462.95742,59.41475,9873.70831, 8.30756, 5.06528, 4.72885,320.09005, 9.39801, 0.06416, 1.06324,-0.46280, 0.94310, 0.17762,-0.00936, 0.89123, 0.29713,90.40637,1461.75147,3010.94911,-3.97102,-0.04745,-0.16714,
24.60000,7494.83555,61.34898,9871.32283, 8.42135, 5.00646, 4.81635,320.42483, 9.39690, 0.06590, 1.05868,-0.44771, 0.95280, 0.17768,-0.00942, 0.89326, 0.29744,90.60234,1461.88688,3010.94911,-3.97102,-0.04745,-0.16714,
24.70000,7526.74239,63.32486,9868.90426, 8.53464, 4.94876, 4.90492,320.76186, 9.39583, 0.06760, 1.05334,-0.43356, 0.96274, 0.17774,-0.00947, 0.89529, 0.29775,90.79991,1462.02417,3010.94911,-3.97102,-0.04745,-0.16714,
24.80000,7558.67806,65.34309,9866.45312, 8.64737, 4.89210, 4.99457,321.10110, 9.39471, 0.06923, 1.04742,-0.42026, 0.97291, 0.17781,-0.00953, 0.89733, 0.29806,90.99904,1462.16332,3010.94911,-3.97102,-0.04745,-0.16714,
24.90000,7590.64272,67.40439,9863.96997, 8.75949, 4.83638, 5.08531,321.44246, 9.39347, 0.07073, 1.04114,-0.40776, 0.98329, 0.17787,-0.00958, 0.89935, 0.29838,91.19971,1462.30430,3010.94911,-3.97102,-0.04745,-0.16714,
25.00000,7622.63648,69.50946,9861.45533, 8.87098, 4.78153, 5.17717,321.78591, 9.39204, 0.07209, 1.03472,-0.39596, 0.99385, 0.17793,-0.00963, 0.90137, 0.29869,91.40189,1462.44707,3010.94911,-3.97102,-0.04745,-0.16714,
25.10000,7654.65947,71.65902,9858.90975, 8.98185, 4.72746, 5.27014,322.13139, 9.39037, 0.07328, 1.02840,-0.38480, 1.00454, 0.17798,-0.00967, 0.90337, 0.29901,91.60555,1462.59162,3010.94911,-3.97102,-0.04745,-0.16714,
25.20000,7686.71180,73.85376,9856.33373, 9.09209, 4.67413, 5.36424,322.47885, 9.38840, 0.07428, 1.02237,-0.37418, 1.01533, 0.17803,-0.00971, 0.90535, 0.29933,91.81067,1462.73790,3010.94911,-3.97102,-0.04745,-0.16714,
25.30000,7718.79358,76.09440,9853.72780, 9.20176, 4.62146, 5.45946,322.82826, 9.38610, 0.07509, 1.01684,-0.36402, 1.02617, 0.17808,-0.00975, 0.90730, 0.29965,92.01723,1462.88590,3010.94911,-3.97102,-0.04745,-0.16714,
25.40000,7750.90491,78.38164,9851.09248, 9.31092, 4.56943, 5.55581,323.17956, 9.38345, 0.07570, 1.01195,-0.35424, 1.03702, 0.17812,-0.00977, 0.90924, 0.29997,92.22520,1463.03558,3010.94911,-3.97102,-0.04745,-0.16714,
25.50000,7783.04589,80.71621,9848.42825, 9.41962, 4.51798, 5.65328,323.53272, 9.38042, 0.07613, 1.00785,-0.34477, 1.04782, 0.17816,-0.00980, 0.91114, 0.30030,92.43458,1463.18691,3010.94911,-3.97102,-0.04745,-0.16714,
25.60000,7815.21660,83.09881,9845.73560, 9.52796, 4.46710, 5.75187,323.88771, 9.37702, 0.07639, 1.00461,-0.33553, 1.05853, 0.17820,-0.00982, 0.91302, 0.30063,92.64533,1463.33987,3010.94911,-3.97102,-0.04745,-0.16714,
25.70000,7847.41713,85.53015,9843.01503, 9.63602, 4.41675, 5.85156,324.24449, 9.37323, 0.07651, 1.00231,-0.32645, 1.06911, 0.17823,-0.00984, 0.91487, 0.30095,92.85745,1463.49443,3010.94911,-3.97102,-0.04745,-0.16714,
25.80000,7879.64756,88.01095,9840.26700, 9.74389, 4.36693, 5.95233,324.60302, 9.36907, 0.07649, 1.00094,-0.31746, 1.07954, 0.17825,-0.00985, 0.91670, 0.30128,93.07091,1463.65056,3010.94911,-3.97102,-0.04745,-0.16714,
25.90000,7911.90796,90.54191,9837.49197, 9.85166, 4.31763, 6.05419,324.96327, 9.36453, 0.07639, 1.00048,-0.30850, 1.08978, 0.17827,-0.00986, 0.91851, 0.30161,93.28570,1463.80824,3010.94911,-3.97102,-0.04745,-0.16714,
26.00000,7944.19838,93.12377,9834.69039, 9.95943, 4.26885, 6.15710,325.32521, 9.35964, 0.07622, 1.00087,-0.29952, 1.09982, 0.17829,-0.00987, 0.92029, 0.30195,93.50181,1463.96744,3010.94911,-3.97102,-0.04745,-0.16714,
26.10000,7976.51891,95.75723,9831.86272,10.06726, 4.22059, 6.26104,325.68880, 9.35441, 0.07602, 1.00202,-0.29048, 1.10965, 0.17830,-0.00988, 0.92205, 0.30228,93.71921,1464.12814,3010.94911,-3.97102,-0.04745,-0.16714,
26.20000,8008.86957,98.44302,9829.00937,10.17523, 4.17286, 6.36601,326.05401, 9.34887, 0.07581, 1.00381,-0.28134, 1.11926, 0.17831,-0.00989, 0.92379, 0.30262,93.93789,1464.29031,3010.94911,-3.97102,-0.04745,-0.16714,
26.30000,8041.25043,101.18186,9826.13080,10.28339, 4.12567, 6.47199,326.42081, 9.34303, 0.07563, 1.00610,-0.27206, 1.12866, 0.17831,-0.00990, 0.92551, 0.30295,94.15784,1464.45393,3010.94911,-3.97102,-0.04745,-0.16714,
26.40000,8073.66152,103.97447,9823.22741,10.39178, 4.07903, 6.57895,326.78917, 9.33692, 0.07550, 1.00874,-0.26260, 1.13786, 0.17831,-0.00991, 0.92723, 0.30329,94.37903,1464.61898,3010.94911,-3.97102,-0.04745,-0.16714,
26.50000,8106.10288,106.82158,9820.29962,10.50043, 4.03296, 6.68689,327.15904, 9.33057, 0.07545, 1.01156,-0.25296, 1.14688, 0.17831,-0.00993, 0.92893, 0.30363,94.60145,1464.78543,3010.94911,-3.97102,-0.04745,-0.16714,
26.60000,8138.57452,109.72392,9817.34785,10.60935, 3.98749, 6.79580,327.53038, 9.32400, 0.07548, 1.01442,-0.24312, 1.15574, 0.17831,-0.00995, 0.93062, 0.30397,94.82508,1464.95326,3010.94911,-3.97102,-0.04745,-0.16714,
26.70000,8171.07649,112.68223,9814.37250,10.71852, 3.94262, 6.90567,327.90318, 9.31724, 0.07560, 1.01716,-0.23305, 1.16447, 0.17830,-0.00997, 0.93230, 0.30432,95.04991,1465.12244,3010.94911,-3.97102,-0.04745,-0.16714,
26.80000,8203.60878,115.69722,9811.37398,10.82794, 3.89838, 7.01648,328.27737, 9.31032, 0.07584, 1.01965,-0.22276, 1.17310, 0.17829,-0.00999, 0.93398, 0.30466,95.27590,1465.29296,3010.94911,-3.97102,-0.04745,-0.16714,
26.90000,8236.17140,118.76965,9808.35269,10.93757, 3.85479, 7.12825,328.65293, 9.30325, 0.07617, 1.02177,-0.21224, 1.18165, 0.17828,-0.01001, 0.93566, 0.30501,95.50304,1465.46478,3010.94911,-3.97102,-0.04745,-0.16714,
27.00000,8268.76436,121.90025,9805.30902,11.04737, 3.81187, 7.24098,329.02982, 9.29608, 0.07661, 1.02342,-0.20150, 1.19017, 0.17827,-0.01004, 0.93734, 0.30535,95.73131,1465.63790,3010.94911,-3.97102,-0.04745,-0.16714,
27.10000,8301.38765,125.08976,9802.24338,11.15729, 3.76963, 7.35466,329.40798, 9.28881, 0.07714, 1.02455,-0.19053, 1.19866, 0.17826,-0.01007, 0.93902, 0.30570,95.96069,1465.81229,3010.94911,-3.97102,-0.04745,-0.16714,
27.20000,8334.04124,128.33892,9799.15617,11.26728, 3.72810, 7.46930,329.78739, 9.28147, 0.07775, 1.02509,-0.17934, 1.20717, 0.17824,-0.01011, 0.94070, 0.30605,96.19115,1465.98791,3010.94911,-3.97102,-0.04745,-0.16714,
27.30000,8366.72513,131.64848,9796.04778,11.37726, 3.68729, 7.58492,330.16799, 9.27408, 0.07842, 1.02505,-0.16794, 1.21570, 0.17823,-0.01014, 0.94239, 0.30640,96.42267,1466.16476,3010.94911,-3.97102,-0.04745,-0.16714,
27.40000,8399.43928,135.01918,9792.91860,11.48720, 3.64721, 7.70152,330.54975, 9.26666, 0.07913, 1.02442,-0.15633, 1.22429, 0.17822,-0.01018, 0.94408, 0.30675,96.65523,1466.34281,3010.94911,-3.97102,-0.04745,-0.16714,
27.50000,8432.18365,138.45177,9789.76905,11.59703, 3.60789, 7.81912,330.93261, 9.25922, 0.07988, 1.02326,-0.14454, 1.23293, 0.17820,-0.01022, 0.94578, 0.30710,96.88880,1466.52204,3010.94911,-3.97102,-0.04745,-0.16714,
27.60000,8464.95821,141.94700,9786.59952,11.70670, 3.56933, 7.93774,331.31653, 9.25179, 0.08063, 1.02161,-0.13256, 1.24163, 0.17819,-0.01026, 0.94749, 0.30745,97.12335,1466.70242,3010.94911,-3.97102,-0.04745,-0.16714,
27.70000,8497.76289,145.50562,9783.41042,11.81617, 3.53155, 8.05737,331.70146, 9.24437, 0.08137, 1.01955,-0.12042, 1.25040, 0.17817,-0.01030, 0.94922, 0.30781,97.35887,1466.88393,3010.94911,-3.97102,-0.04745,-0.16714,
27.80000,8530.59764,149.12838,9780.20214,11.92540, 3.49455, 8.17805,332.08736, 9.23697, 0.08209, 1.01716,-0.10812, 1.25924, 0.17816,-0.01034, 0.95095, 0.30816,97.59532,1467.06655,3010.94911,-3.97102,-0.04745,-0.16714,
27.90000,8563.46238,152.81604,9776.97510,12.03437, 3.45835, 8.29977,332.47417, 9.22962, 0.08276, 1.01455,-0.09568, 1.26812, 0.17815,-0.01037, 0.95269, 0.30852,97.83267,1467.25026,3010.94911,-3.97102,-0.04745,-0.16714,
28.00000,8596.35705,156.56935,9773.72971,12.14306, 3.42296, 8.42256,332.86185, 9.22231, 0.08338, 1.01182,-0.08311, 1.27705, 0.17814,-0.01041, 0.95445, 0.30887,98.07091,1467.43504,3010.94911,-3.97102,-0.04745,-0.16714,
28.10000,8629.28156,160.38906,9770.46639,12.25146, 3.38838, 8.54641,333.25034, 9.21506, 0.08393, 1.00905,-0.07043, 1.28601, 0.17812,-0.01044, 0.95621, 0.30923,98.30999,1467.62085,3010.94911,-3.97102,-0.04745,-0.16714,
28.20000,8662.23582,164.27595,9767.18554,12.35957, 3.35462, 8.67135,333.63961, 9.20787, 0.08442, 1.00636,-0.05763, 1.29497, 0.17811,-0.01048, 0.95799, 0.30959,98.54990,1467.80768,3010.94911,-3.97102,-0.04745,-0.16714,
28.30000,8695.21972,168.23076,9763.88760,12.46742, 3.32168, 8.79737,334.02959, 9.20075, 0.08483, 1.00382,-0.04475, 1.30393, 0.17810,-0.01051, 0.95979, 0.30994,98.79060,1467.99550,3010.94911,-3.97102,-0.04745,-0.16714,
28.40000,8728.23315,172.25427,9760.57297,12.57501, 3.28958, 8.92448,334.42024, 9.19369, 0.08518, 1.00150,-0.03179, 1.31286, 0.17810,-0.01054, 0.96159, 0.31030,99.03206,1468.18429,3010.94911,-3.97102,-0.04745,-0.16714,
28.50000,8761.27601,176.34723,9757.24210,12.68238, 3.25831, 9.05268,334.81151, 9.18671, 0.08546, 0.99947,-0.01875, 1.32174, 0.17809,-0.01056, 0.96341, 0.31066,99.27426,1468.37403,3010.94911,-3.97102,-0.04745,-0.16714,
28.60000,8794.34815,180.51041,9753.89540,12.78955, 3.22789, 9.18197,335.20334, 9.17981, 0.08567, 0.99776,-0.00566, 1.33056, 0.17808,-0.01059, 0.96524, 0.31102,99.51716,1468.56469,3010.94911,-3.97102,-0.04745,-0.16714,
28.70000,8827.44945,184.74457,9750.53332,12.89657, 3.19830, 9.31235,335.59568, 9.17298, 0.08584, 0.99639, 0.00748, 1.33930, 0.17807,-0.01061, 0.96709, 0.31138,99.76074,1468.75624,3010.94911,-3.97102,-0.04745,-0.16714,
28.80000,8860.57975,189.05050,9747.15628,13.00345, 3.16956, 9.44381,335.98849, 9.16622, 0.08597, 0.99538, 0.02066, 1.34795, 0.17807,-0.01064, 0.96894, 0.31174,100.00497,1468.94867,3010.94911,-3.97102,-0.04745,-0.16714,
28.90000,8893.73892,193.42895,9743.76472,13.11025, 3.14167, 9.57636,336.38171, 9.15954, 0.08607, 0.99470, 0.03387, 1.35650, 0.17806,-0.01066, 0.97081, 0.31210,100.24981,1469.14194,3010.94911,-3.97102,-0.04745,-0.16714,
29.00000,8926.92677,197.88071,9740.35909,13.21699, 3.11462, 9.70998,336.77530, 9.15293, 0.08615, 0.99434, 0.04710, 1.36495, 0.17806,-0.01068, 0.97268, 0.31246,100.49523,1469.33604,3010.94911,-3.97102,-0.04745,-0.16714,
29.10000,8960.14315,202.40655,9736.93983,13.32370, 3.08842, 9.84466,337.16919, 9.14640, 0.08623, 0.99424, 0.06035, 1.37329, 0.17806,-0.01070, 0.97457, 0.31282,100.74121,1469.53093,3010.94911,-3.97102,-0.04745,-0.16714,
29.20000,8993.38787,207.00724,9733.50739,13.43042, 3.06307, 9.98041,337.56335, 9.13993, 0.08632, 0.99437, 0.07359, 1.38152, 0.17805,-0.01073, 0.97646, 0.31319,100.98772,1469.72660,3010.94911,-3.97102,-0.04745,-0.16714,
29.30000,9026.66074,211.68357,9730.06220,13.53715, 3.03856,10.11722,337.95772, 9.13352, 0.08643, 0.99465, 0.08684, 1.38965, 0.17805,-0.01075, 0.97837, 0.31355,101.23472,1469.92302,3010.94911,-3.97102,-0.04745,-0.16714,
29.40000,9059.96156,216.43632,9726.60473,13.64391, 3.01490,10.25507,338.35226, 9.12718, 0.08657, 0.99504, 0.10008, 1.39769, 0.17805,-0.01077, 0.98028, 0.31391,101.48218,1470.12015,3010.94911,-3.97102,-0.04745,-0.16714,
29.50000,9093.29012,221.26628,9723.13541,13.75071, 2.99207,10.39397,338.74691, 9.12090, 0.08674, 0.99546, 0.11330, 1.40565, 0.17805,-0.01080, 0.98220, 0.31427,101.73008,1470.31798,3010.94911,-3.97102,-0.04745,-0.16714,
29.60000,9126.64621,226.17422,9719.65471,13.85756, 2.97008,10.53391,339.14162, 9.11467, 0.08696, 0.99584, 0.12650, 1.41353, 0.17805,-0.01082, 0.98413, 0.31463,101.97838,1470.51649,3010.94911,-3.97102,-0.04745,-0.16714,
29.70000,9160.02959,231.16093,9716.16307,13.96443, 2.94892,10.67489,339.53636, 9.10849, 0.08721, 0.99614, 0.13968, 1.42136, 0.17805,-0.01085, 0.98606, 0.31500,102.22706,1470.71564,3010.94911,-3.97102,-0.04745,-0.16714,
29.80000,9193.44003,236.22721,9712.66095,14.07134, 2.92859,10.81690,339.93106, 9.10235, 0.08751, 0.99631, 0.15283, 1.42914, 0.17805,-0.01088, 0.98800, 0.31536,102.47608,1470.91541,3010.94911,-3.97102,-0.04745,-0.16714,
29.90000,9226.87729,241.37383,9709.14881,14.17825, 2.90908,10.95994,340.32569, 9.09626, 0.08786, 0.99629, 0.16595, 1.43688, 0.17805,-0.01091, 0.98994, 0.31572,102.72542,1471.11577,3010.94911,-3.97102,-0.04745,-0.16714,
30.00000,9260.34109,246.60159,9705.62709,14.28516, 2.89038,11.10402,340.72020, 9.09021, 0.08824, 0.99606, 0.17903, 1.44461, 0.17806,-0.01094, 0.99188, 0.31608,102.97504,1471.31670,3010.94911,-3.97102,-0.04745,-0.16714,
