
time,npos,epos,alt,phi,theta,psi,vel,alpha,beta,p,q,r,nx,ny,nz,mach,qbar,ps,

 0.00000, 0.00000, 0.00000,5000.00000, 0.00000,-0.33235, 0.00000,1000.00000,-0.33235, 0.00000, 0.00000, 0.00000, 0.00000,-0.00580,-0.00751, 0.99996, 0.91165,1024.85580,1760.28927,6534.02778,-1.16644,-0.10516,-0.05753,
 0.10000,100.00000,-0.00119,5000.00000, 0.00014,-0.33235,-0.00006,1000.00001,-0.33235,-0.00129, 0.00402,-0.00002,-0.00179,-0.00580,-0.00716, 0.99995, 0.91165,1024.85582,1760.28927,6534.02778,-1.16644,-0.10516,-0.05753,
 0.20000,200.00000,-0.00468,4999.99998, 0.00094,-0.33236,-0.00045,1000.00003,-0.33235,-0.00220, 0.01203,-0.00008,-0.00639,-0.00579,-0.00693, 0.99995, 0.91165,1024.85586,1760.28927,6534.02778,-1.16644,-0.10516,-0.05753,
 0.30000,300.00001,-0.01041,4999.99996, 0.00253,-0.33237,-0.00138,1000.00006,-0.33235,-0.00254, 0.01929,-0.00015,-0.01225,-0.00579,-0.00686, 0.99994, 0.91165,1024.85592,1760.28927,6534.02778,-1.16644,-0.10516,-0.05753,
 0.40000,400.00001,-0.01833,4999.99992, 0.00469,-0.33239,-0.00289,1000.00009,-0.33236,-0.00230, 0.02289,-0.00021,-0.01775,-0.00579,-0.00695, 0.99993, 0.91165,1024.85599,1760.28928,6534.02778,-1.16644,-0.10516,-0.05753,
 0.50000,500.00002,-0.02846,4999.99986, 0.00697,-0.33241,-0.00487,1000.00012,-0.33237,-0.00162, 0.02173,-0.00023,-0.02151,-0.00579,-0.00715, 0.99992, 0.91165,1024.85604,1760.28928,6534.02778,-1.16644,-0.10516,-0.05753,
 0.60000,600.00003,-0.04085,4999.99978, 0.00892,-0.33243,-0.00711,1000.00013,-0.33238,-0.00071, 0.01638,-0.00022,-0.02280,-0.00580,-0.00741, 0.99992, 0.91165,1024.85608,1760.28929,6534.02778,-1.16644,-0.10516,-0.05753,
 0.70000,700.00005,-0.05558,4999.99968, 0.01019,-0.33245,-0.00935,1000.00014,-0.33239, 0.00017, 0.00854,-0.00018,-0.02157,-0.00580,-0.00764, 0.99992, 0.91165,1024.85610,1760.28929,6534.02778,-1.16644,-0.10516,-0.05753,
 0.80000,800.00006,-0.07270,4999.99956, 0.01065,-0.33247,-0.01136,1000.00015,-0.33239, 0.00079, 0.00061,-0.00014,-0.01838,-0.00580,-0.00780, 0.99992, 0.91165,1024.85612,1760.28930,6534.02778,-1.16644,-0.10516,-0.05753,
 0.90000,900.00007,-0.09227,4999.99942, 0.01039,-0.33248,-0.01299,1000.00017,-0.33239, 0.00101,-0.00545,-0.00011,-0.01426,-0.00580,-0.00784, 0.99992, 0.91165,1024.85617,1760.28931,6534.02778,-1.16644,-0.10516,-0.05753,
 1.00000,1000.00009,-0.11431,4999.99926, 0.00968,-0.33249,-0.01422,1000.00019,-0.33239, 0.00084,-0.00842,-0.00008,-0.01044,-0.00580,-0.00778, 0.99992, 0.91165,1024.85621,1760.28932,6534.02778,-1.16644,-0.10516,-0.05753,
 1.10000,1100.00011,-0.13879,4999.99908, 0.00884,-0.33250,-0.01512,1000.00021,-0.33239, 0.00035,-0.00796,-0.00006,-0.00790,-0.00580,-0.00763, 0.99992, 0.91165,1024.85625,1760.28933,6534.02778,-1.16644,-0.10516,-0.05753,
 1.20000,1200.00012,-0.16567,4999.99888, 0.00819,-0.33250,-0.01586,1000.00021,-0.33238,-0.00027,-0.00465,-0.00005,-0.00716,-0.00580,-0.00746, 0.99993, 0.91165,1024.85627,1760.28935,6534.02778,-1.16644,-0.10516,-0.05753,
 1.30000,1300.00014,-0.19491,4999.99867, 0.00798,-0.33251,-0.01661,1000.00023,-0.33238,-0.00085, 0.00045,-0.00005,-0.00812,-0.00580,-0.00730, 0.99993, 0.91165,1024.85631,1760.28936,6534.02778,-1.16644,-0.10516,-0.05753,
 1.40000,1400.00016,-0.22646,4999.99843, 0.00830,-0.33251,-0.01752,1000.00025,-0.33237,-0.00125, 0.00575,-0.00008,-0.01030,-0.00580,-0.00720, 0.99993, 0.91165,1024.85636,1760.28937,6534.02778,-1.16644,-0.10516,-0.05753,
 1.50000,1500.00018,-0.26028,4999.99818, 0.00910,-0.33252,-0.01869,1000.00027,-0.33237,-0.00139, 0.00983,-0.00010,-0.01301,-0.00580,-0.00718, 0.99993, 0.91165,1024.85642,1760.28939,6534.02778,-1.16644,-0.10516,-0.05753,
 1.60000,1600.00020,-0.29635,4999.99791, 0.01021,-0.33253,-0.02012,1000.00030,-0.33237,-0.00126, 0.01176,-0.00013,-0.01549,-0.00580,-0.00722, 0.99993, 0.91165,1024.85648,1760.28941,6534.02778,-1.16644,-0.10516,-0.05753,
 1.70000,1700.00023,-0.33470,4999.99762, 0.01139,-0.33254,-0.02176,1000.00032,-0.33237,-0.00093, 0.01130,-0.00013,-0.01714,-0.00580,-0.00732, 0.99993, 0.91165,1024.85653,1760.28943,6534.02778,-1.16644,-0.10516,-0.05753,
 1.80000,1800.00025,-0.37534,4999.99732, 0.01242,-0.33256,-0.02351,1000.00034,-0.33238,-0.00051, 0.00885,-0.00013,-0.01764,-0.00580,-0.00744, 0.99993, 0.91165,1024.85658,1760.28945,6534.02778,-1.16644,-0.10516,-0.05753,
 1.90000,1900.00028,-0.41830,4999.99699, 0.01314,-0.33257,-0.02525,1000.00035,-0.33238,-0.00011, 0.00526,-0.00011,-0.01699,-0.00580,-0.00754, 0.99993, 0.91165,1024.85662,1760.28947,6534.02778,-1.16644,-0.10516,-0.05753,
 2.00000,2000.00030,-0.46361,4999.99665, 0.01349,-0.33258,-0.02688,1000.00037,-0.33238, 0.00016, 0.00160,-0.00008,-0.01550,-0.00580,-0.00761, 0.99993, 0.91165,1024.85665,1760.28949,6534.02778,-1.16644,-0.10516,-0.05753,
 2.10000,2100.00033,-0.51130,4999.99630, 0.01351,-0.33259,-0.02834,1000.00038,-0.33238, 0.00025,-0.00114,-0.00006,-0.01362,-0.00580,-0.00763, 0.99993, 0.91165,1024.85669,1760.28952,6534.02778,-1.16644,-0.10516,-0.05753,
 2.20000,2200.00036,-0.56136,4999.99592, 0.01332,-0.33259,-0.02961,1000.00040,-0.33237, 0.00017,-0.00244,-0.00005,-0.01190,-0.00580,-0.00760, 0.99994, 0.91165,1024.85674,1760.28954,6534.02778,-1.16644,-0.10516,-0.05753,
 2.30000,2300.00038,-0.61380,4999.99554, 0.01309,-0.33259,-0.03073,1000.00041,-0.33237,-0.00006,-0.00217,-0.00003,-0.01077,-0.00580,-0.00753, 0.99994, 0.91165,1024.85678,1760.28957,6534.02778,-1.16644,-0.10516,-0.05753,
 2.40000,2400.00041,-0.66858,4999.99514, 0.01295,-0.33260,-0.03179,1000.00042,-0.33236,-0.00034,-0.00056,-0.00003,-0.01044,-0.00580,-0.00745, 0.99994, 0.91165,1024.85682,1760.28959,6534.02778,-1.16644,-0.10516,-0.05753,
 2.50000,2500.00044,-0.72569,4999.99473, 0.01301,-0.33260,-0.03285,1000.00044,-0.33236,-0.00061, 0.00185,-0.00004,-0.01088,-0.00580,-0.00738, 0.99995, 0.91165,1024.85687,1760.28962,6534.02778,-1.16644,-0.10516,-0.05753,
 2.60000,2600.00046,-0.78510,4999.99431, 0.01333,-0.33260,-0.03398,1000.00046,-0.33236,-0.00079, 0.00431,-0.00006,-0.01187,-0.00580,-0.00734, 0.99995, 0.91165,1024.85693,1760.28965,6534.02778,-1.16644,-0.10516,-0.05753,
 2.70000,2700.00049,-0.84680,4999.99387, 0.01387,-0.33261,-0.03523,1000.00049,-0.33236,-0.00085, 0.00618,-0.00007,-0.01311,-0.00580,-0.00732, 0.99995, 0.91165,1024.85699,1760.28968,6534.02778,-1.16644,-0.10516,-0.05753,
 2.80000,2800.00052,-0.91077,4999.99343, 0.01455,-0.33262,-0.03660,1000.00051,-0.33236,-0.00079, 0.00707,-0.00009,-0.01424,-0.00580,-0.00735, 0.99994, 0.91165,1024.85705,1760.28970,6534.02778,-1.16644,-0.10516,-0.05753,
 2.90000,2900.00055,-0.97703,4999.99297, 0.01526,-0.33263,-0.03807,1000.00053,-0.33236,-0.00064, 0.00686,-0.00009,-0.01498,-0.00580,-0.00739, 0.99994, 0.91165,1024.85711,1760.28973,6534.02778,-1.16644,-0.10516,-0.05753,
 3.00000,3000.00058,-1.04558,4999.99250, 0.01591,-0.33264,-0.03958,1000.00055,-0.33236,-0.00045, 0.00573,-0.00009,-0.01520,-0.00580,-0.00744, 0.99994, 0.91165,1024.85716,1760.28977,6534.02778,-1.16644,-0.10516,-0.05753,
 3.10000,3100.00061,-1.11644,4999.99202, 0.01641,-0.33264,-0.04109,1000.00057,-0.33236,-0.00027, 0.00409,-0.00008,-0.01490,-0.00580,-0.00749, 0.99994, 0.91165,1024.85722,1760.28980,6534.02778,-1.16644,-0.10516,-0.05753,
 3.20000,3200.00064,-1.18962,4999.99152, 0.01674,-0.33265,-0.04255,1000.00059,-0.33236,-0.00014, 0.00241,-0.00007,-0.01421,-0.00580,-0.00752, 0.99994, 0.91165,1024.85727,1760.28983,6534.02778,-1.16644,-0.10516,-0.05753,
 3.30000,3300.00068,-1.26512,4999.99102, 0.01692,-0.33266,-0.04393,1000.00061,-0.33236,-0.00010, 0.00111,-0.00006,-0.01336,-0.00580,-0.00753, 0.99995, 0.91165,1024.85732,1760.28986,6534.02778,-1.16644,-0.10516,-0.05753,
 3.40000,3400.00071,-1.34295,4999.99050, 0.01700,-0.33266,-0.04522,1000.00062,-0.33236,-0.00014, 0.00049,-0.00005,-0.01258,-0.00580,-0.00752, 0.99995, 0.91165,1024.85737,1760.28990,6534.02778,-1.16644,-0.10516,-0.05753,
 3.50000,3500.00074,-1.42310,4999.98997, 0.01706,-0.33267,-0.04645,1000.00064,-0.33236,-0.00024, 0.00061,-0.00004,-0.01205,-0.00580,-0.00749, 0.99995, 0.91165,1024.85742,1760.28993,6534.02778,-1.16644,-0.10516,-0.05753,
 3.60000,3600.00077,-1.50557,4999.98944, 0.01716,-0.33267,-0.04764,1000.00066,-0.33236,-0.00037, 0.00136,-0.00004,-0.01187,-0.00580,-0.00745, 0.99995, 0.91165,1024.85748,1760.28997,6534.02778,-1.16644,-0.10516,-0.05753,
 3.70000,3700.00080,-1.59034,4999.98889, 0.01736,-0.33267,-0.04884,1000.00068,-0.33236,-0.00049, 0.00246,-0.00005,-0.01205,-0.00580,-0.00742, 0.99995, 0.91165,1024.85754,1760.29000,6534.02778,-1.16644,-0.10516,-0.05753,
 3.80000,3800.00083,-1.67740,4999.98833, 0.01767,-0.33268,-0.05006,1000.00070,-0.33236,-0.00057, 0.00360,-0.00006,-0.01250,-0.00580,-0.00740, 0.99995, 0.91165,1024.85760,1760.29004,6534.02778,-1.16644,-0.10516,-0.05753,
 3.90000,3900.00086,-1.76674,4999.98776, 0.01808,-0.33268,-0.05134,1000.00073,-0.33236,-0.00061, 0.00448,-0.00007,-0.01305,-0.00580,-0.00739, 0.99995, 0.91165,1024.85767,1760.29008,6534.02778,-1.16644,-0.10516,-0.05753,
 4.00000,4000.00090,-1.85835,4999.98719, 0.01856,-0.33269,-0.05267,1000.00075,-0.33236,-0.00058, 0.00491,-0.00007,-0.01357,-0.00580,-0.00740, 0.99995, 0.91165,1024.85774,1760.29012,6534.02778,-1.16644,-0.10516,-0.05753,
 4.10000,4100.00093,-1.95225,4999.98660, 0.01906,-0.33270,-0.05405,1000.00078,-0.33236,-0.00051, 0.00483,-0.00008,-0.01392,-0.00580,-0.00742, 0.99995, 0.91165,1024.85780,1760.29015,6534.02778,-1.16644,-0.10516,-0.05753,
 4.20000,4200.00096,-2.04842,4999.98600, 0.01953,-0.33271,-0.05545,1000.00080,-0.33236,-0.00042, 0.00433,-0.00008,-0.01402,-0.00580,-0.00745, 0.99995, 0.91165,1024.85787,1760.29019,6534.02778,-1.16644,-0.10516,-0.05753,
 4.30000,4300.00099,-2.14688,4999.98539, 0.01993,-0.33271,-0.05684,1000.00082,-0.33236,-0.00034, 0.00358,-0.00007,-0.01389,-0.00580,-0.00747, 0.99995, 0.91165,1024.85793,1760.29023,6534.02778,-1.16644,-0.10516,-0.05753,
 4.40000,4400.00102,-2.24764,4999.98477, 0.02026,-0.33272,-0.05822,1000.00084,-0.33236,-0.00028, 0.00281,-0.00007,-0.01358,-0.00580,-0.00748, 0.99995, 0.91165,1024.85800,1760.29028,6534.02778,-1.16644,-0.10516,-0.05753,
 4.50000,4500.00106,-2.35068,4999.98414, 0.02052,-0.33272,-0.05956,1000.00086,-0.33236,-0.00026, 0.00220,-0.00006,-0.01318,-0.00580,-0.00749, 0.99995, 0.91165,1024.85806,1760.29032,6534.02778,-1.16644,-0.10516,-0.05753,
 4.60000,4600.00109,-2.45602,4999.98350, 0.02073,-0.33273,-0.06086,1000.00089,-0.33236,-0.00028, 0.00190,-0.00006,-0.01281,-0.00580,-0.00748, 0.99995, 0.91165,1024.85812,1760.29036,6534.02778,-1.16644,-0.10516,-0.05753,
 4.70000,4700.00112,-2.56365,4999.98286, 0.02092,-0.33273,-0.06212,1000.00091,-0.33236,-0.00032, 0.00194,-0.00005,-0.01256,-0.00580,-0.00747, 0.99995, 0.91165,1024.85819,1760.29040,6534.02778,-1.16644,-0.10516,-0.05753,
 4.80000,4800.00115,-2.67357,4999.98220, 0.02114,-0.33274,-0.06337,1000.00093,-0.33236,-0.00038, 0.00227,-0.00005,-0.01247,-0.00580,-0.00745, 0.99995, 0.91165,1024.85826,1760.29045,6534.02778,-1.16644,-0.10516,-0.05753,
 4.90000,4900.00118,-2.78577,4999.98153, 0.02140,-0.33274,-0.06462,1000.00096,-0.33236,-0.00044, 0.00277,-0.00006,-0.01254,-0.00580,-0.00744, 0.99995, 0.91165,1024.85833,1760.29049,6534.02778,-1.16644,-0.10516,-0.05753,
 5.00000,5000.00122,-2.90023,4999.98085, 0.02171,-0.33275,-0.06589,1000.00098,-0.33236,-0.00048, 0.00329,-0.00006,-0.01273,-0.00580,-0.00743, 0.99995, 0.91165,1024.85840,1760.29053,6534.02778,-1.16644,-0.10516,-0.05753,
 5.10000,5100.00125,-3.01697,4999.98016, 0.02207,-0.33276,-0.06717,1000.00101,-0.33236,-0.00049, 0.00370,-0.00006,-0.01298,-0.00580,-0.00742, 0.99995, 0.91165,1024.85847,1760.29058,6534.02778,-1.16644,-0.10516,-0.05753,
 5.20000,5200.00128,-3.13597,4999.97946, 0.02246,-0.33276,-0.06848,1000.00103,-0.33236,-0.00048, 0.00390,-0.00007,-0.01321,-0.00580,-0.00743, 0.99995, 0.91165,1024.85855,1760.29063,6534.02778,-1.16644,-0.10516,-0.05753,
 5.30000,5300.00131,-3.25723,4999.97875, 0.02286,-0.33277,-0.06981,1000.00106,-0.33236,-0.00045, 0.00388,-0.00007,-0.01337,-0.00580,-0.00744, 0.99995, 0.91165,1024.85862,1760.29067,6534.02778,-1.16644,-0.10516,-0.05753,
 5.40000,5400.00134,-3.38076,4999.97804, 0.02324,-0.33277,-0.07115,1000.00108,-0.33236,-0.00041, 0.00366,-0.00007,-0.01342,-0.00580,-0.00745, 0.99995, 0.91165,1024.85870,1760.29072,6534.02778,-1.16644,-0.10516,-0.05753,
 5.50000,5500.00137,-3.50656,4999.97731, 0.02360,-0.33278,-0.07249,1000.00111,-0.33236,-0.00037, 0.00332,-0.00007,-0.01336,-0.00580,-0.00746, 0.99995, 0.91165,1024.85877,1760.29077,6534.02778,-1.16644,-0.10516,-0.05753,
 5.60000,5600.00140,-3.63462,4999.97657, 0.02392,-0.33279,-0.07382,1000.00113,-0.33236,-0.00034, 0.00296,-0.00006,-0.01321,-0.00580,-0.00747, 0.99995, 0.91165,1024.85885,1760.29082,6534.02778,-1.16644,-0.10516,-0.05753,
 5.70000,5700.00143,-3.76495,4999.97582, 0.02421,-0.33279,-0.07513,1000.00116,-0.33236,-0.00033, 0.00268,-0.00006,-0.01302,-0.00580,-0.00747, 0.99995, 0.91165,1024.85892,1760.29087,6534.02778,-1.16644,-0.10516,-0.05753,
 5.80000,5800.00146,-3.89754,4999.97506, 0.02447,-0.33280,-0.07642,1000.00118,-0.33236,-0.00034, 0.00253,-0.00006,-0.01285,-0.00580,-0.00747, 0.99995, 0.91165,1024.85900,1760.29092,6534.02778,-1.16644,-0.10516,-0.05753,
 5.90000,5900.00149,-4.03240,4999.97430, 0.02473,-0.33280,-0.07770,1000.00121,-0.33236,-0.00036, 0.00254,-0.00006,-0.01272,-0.00580,-0.00746, 0.99995, 0.91165,1024.85907,1760.29097,6534.02778,-1.16644,-0.10516,-0.05753,
 6.00000,6000.00152,-4.16952,4999.97352, 0.02500,-0.33281,-0.07897,1000.00124,-0.33236,-0.00038, 0.00268,-0.00006,-0.01267,-0.00580,-0.00745, 0.99995, 0.91165,1024.85915,1760.29102,6534.02778,-1.16644,-0.10516,-0.05753,
 6.10000,6100.00154,-4.30890,4999.97273, 0.02529,-0.33281,-0.08024,1000.00126,-0.33236,-0.00041, 0.00291,-0.00006,-0.01270,-0.00580,-0.00744, 0.99995, 0.91165,1024.85923,1760.29107,6534.02778,-1.16644,-0.10516,-0.05753,
 6.20000,6200.00157,-4.45053,4999.97194, 0.02560,-0.33282,-0.08151,1000.00129,-0.33236,-0.00043, 0.00314,-0.00006,-0.01278,-0.00580,-0.00744, 0.99995, 0.91165,1024.85931,1760.29112,6534.02778,-1.16644,-0.10516,-0.05753,
 6.30000,6300.00160,-4.59442,4999.97113, 0.02593,-0.33282,-0.08280,1000.00132,-0.33236,-0.00044, 0.00333,-0.00006,-0.01289,-0.00580,-0.00744, 0.99995, 0.91165,1024.85939,1760.29117,6534.02778,-1.16644,-0.10516,-0.05753,
 6.40000,6400.00162,-4.74054,4999.97032, 0.02628,-0.33283,-0.08409,1000.00135,-0.33236,-0.00043, 0.00343,-0.00006,-0.01299,-0.00580,-0.00744, 0.99995, 0.91165,1024.85948,1760.29123,6534.02778,-1.16644,-0.10516,-0.05753,
 6.50000,6500.00165,-4.88892,4999.96949, 0.02663,-0.33284,-0.08539,1000.00137,-0.33236,-0.00042, 0.00342,-0.00006,-0.01306,-0.00580,-0.00744, 0.99995, 0.91165,1024.85956,1760.29128,6534.02778,-1.16644,-0.10516,-0.05753,
 6.60000,6600.00168,-5.03954,4999.96866, 0.02697,-0.33284,-0.08670,1000.00140,-0.33236,-0.00040, 0.00332,-0.00006,-0.01308,-0.00580,-0.00745, 0.99995, 0.91165,1024.85964,1760.29134,6534.02778,-1.16644,-0.10516,-0.05753,
 6.70000,6700.00170,-5.19241,4999.96781, 0.02731,-0.33285,-0.08801,1000.00143,-0.33236,-0.00038, 0.00317,-0.00006,-0.01304,-0.00580,-0.00745, 0.99995, 0.91165,1024.85973,1760.29139,6534.02778,-1.16644,-0.10516,-0.05753,
 6.80000,6800.00172,-5.34752,4999.96696, 0.02762,-0.33285,-0.08931,1000.00146,-0.33236,-0.00037, 0.00300,-0.00006,-0.01297,-0.00580,-0.00746, 0.99995, 0.91165,1024.85981,1760.29145,6534.02778,-1.16644,-0.10516,-0.05753,
 6.90000,6900.00175,-5.50488,4999.96610, 0.02792,-0.33286,-0.09060,1000.00149,-0.33236,-0.00036, 0.00287,-0.00006,-0.01288,-0.00580,-0.00746, 0.99995, 0.91165,1024.85990,1760.29151,6534.02778,-1.16644,-0.10516,-0.05753,
 7.00000,7000.00177,-5.66448,4999.96522, 0.02821,-0.33286,-0.09188,1000.00152,-0.33236,-0.00036, 0.00280,-0.00006,-0.01280,-0.00580,-0.00746, 0.99995, 0.91165,1024.85998,1760.29156,6534.02778,-1.16644,-0.10516,-0.05753,
 7.10000,7100.00179,-5.82631,4999.96434, 0.02850,-0.33287,-0.09316,1000.00155,-0.33236,-0.00037, 0.00280,-0.00006,-0.01273,-0.00580,-0.00746, 0.99995, 0.91165,1024.86007,1760.29162,6534.02778,-1.16644,-0.10516,-0.05753,
 7.20000,7200.00181,-5.99039,4999.96345, 0.02879,-0.33287,-0.09443,1000.00157,-0.33236,-0.00039, 0.00286,-0.00006,-0.01270,-0.00580,-0.00745, 0.99995, 0.91165,1024.86016,1760.29168,6534.02778,-1.16644,-0.10516,-0.05753,
 7.30000,7300.00183,-6.15671,4999.96255, 0.02909,-0.33288,-0.09570,1000.00160,-0.33236,-0.00040, 0.00296,-0.00006,-0.01271,-0.00580,-0.00745, 0.99995, 0.91165,1024.86024,1760.29174,6534.02778,-1.16644,-0.10516,-0.05753,
 7.40000,7400.00185,-6.32526,4999.96164, 0.02940,-0.33288,-0.09697,1000.00163,-0.33236,-0.00041, 0.00307,-0.00006,-0.01274,-0.00580,-0.00745, 0.99995, 0.91165,1024.86033,1760.29180,6534.02778,-1.16644,-0.10516,-0.05753,
 7.50000,7500.00187,-6.49603,4999.96072, 0.02971,-0.33289,-0.09825,1000.00166,-0.33236,-0.00041, 0.00316,-0.00006,-0.01278,-0.00580,-0.00745, 0.99995, 0.91165,1024.86042,1760.29186,6534.02778,-1.16644,-0.10516,-0.05753,
 7.60000,7600.00189,-6.66904,4999.95979, 0.03004,-0.33289,-0.09953,1000.00169,-0.33236,-0.00041, 0.00320,-0.00006,-0.01282,-0.00580,-0.00745, 0.99995, 0.91165,1024.86051,1760.29192,6534.02778,-1.16644,-0.10516,-0.05753,
 7.70000,7700.00191,-6.84428,4999.95886, 0.03037,-0.33290,-0.10081,1000.00172,-0.33236,-0.00040, 0.00320,-0.00006,-0.01285,-0.00580,-0.00745, 0.99995, 0.91165,1024.86061,1760.29198,6534.02778,-1.16644,-0.10516,-0.05753,
 7.80000,7800.00193,-7.02174,4999.95791, 0.03069,-0.33291,-0.10210,1000.00176,-0.33236,-0.00039, 0.00315,-0.00006,-0.01285,-0.00580,-0.00745, 0.99995, 0.91165,1024.86070,1760.29205,6534.02778,-1.16644,-0.10516,-0.05753,
 7.90000,7900.00194,-7.20142,4999.95695, 0.03101,-0.33291,-0.10339,1000.00179,-0.33236,-0.00038, 0.00308,-0.00006,-0.01284,-0.00580,-0.00745, 0.99995, 0.91165,1024.86079,1760.29211,6534.02778,-1.16644,-0.10516,-0.05753,
 8.00000,8000.00196,-7.38333,4999.95599, 0.03132,-0.33292,-0.10467,1000.00182,-0.33236,-0.00038, 0.00300,-0.00006,-0.01280,-0.00580,-0.00745, 0.99995, 0.91165,1024.86088,1760.29217,6534.02778,-1.16644,-0.10516,-0.05753,
 8.10000,8100.00197,-7.56746,4999.95501, 0.03163,-0.33292,-0.10594,1000.00185,-0.33236,-0.00037, 0.00294,-0.00006,-0.01275,-0.00580,-0.00746, 0.99995, 0.91165,1024.86098,1760.29224,6534.02778,-1.16644,-0.10516,-0.05753,
 8.20000,8200.00198,-7.75381,4999.95403, 0.03193,-0.33293,-0.10722,1000.00188,-0.33236,-0.00038, 0.00290,-0.00006,-0.01271,-0.00580,-0.00745, 0.99995, 0.91165,1024.86107,1760.29230,6534.02778,-1.16644,-0.10516,-0.05753,
 8.30000,8300.00199,-7.94238,4999.95304, 0.03223,-0.33293,-0.10849,1000.00191,-0.33236,-0.00038, 0.00290,-0.00006,-0.01267,-0.00580,-0.00745, 0.99995, 0.91165,1024.86117,1760.29237,6534.02778,-1.16644,-0.10516,-0.05753,
 8.40000,8400.00200,-8.13317,4999.95204, 0.03252,-0.33294,-0.10975,1000.00194,-0.33236,-0.00038, 0.00293,-0.00006,-0.01265,-0.00580,-0.00745, 0.99995, 0.91165,1024.86126,1760.29243,6534.02778,-1.16644,-0.10516,-0.05753,
 8.50000,8500.00201,-8.32617,4999.95103, 0.03283,-0.33294,-0.11102,1000.00197,-0.33236,-0.00039, 0.00297,-0.00006,-0.01265,-0.00580,-0.00745, 0.99995, 0.91165,1024.86136,1760.29250,6534.02778,-1.16644,-0.10516,-0.05753,
 8.60000,8600.00202,-8.52139,4999.95001, 0.03313,-0.33295,-0.11228,1000.00201,-0.33236,-0.00039, 0.00302,-0.00006,-0.01266,-0.00580,-0.00745, 0.99995, 0.91165,1024.86146,1760.29257,6534.02778,-1.16644,-0.10516,-0.05753,
 8.70000,8700.00203,-8.71882,4999.94898, 0.03344,-0.33295,-0.11355,1000.00204,-0.33236,-0.00039, 0.00306,-0.00006,-0.01267,-0.00580,-0.00745, 0.99995, 0.91165,1024.86155,1760.29263,6534.02778,-1.16644,-0.10516,-0.05753,
 8.80000,8800.00204,-8.91845,4999.94794, 0.03376,-0.33296,-0.11482,1000.00207,-0.33236,-0.00039, 0.00308,-0.00006,-0.01269,-0.00580,-0.00745, 0.99995, 0.91165,1024.86165,1760.29270,6534.02778,-1.16644,-0.10516,-0.05753,
 8.90000,8900.00204,-9.12030,4999.94690, 0.03407,-0.33296,-0.11609,1000.00210,-0.33236,-0.00039, 0.00308,-0.00006,-0.01269,-0.00580,-0.00745, 0.99995, 0.91165,1024.86175,1760.29277,6534.02778,-1.16644,-0.10516,-0.05753,
 9.00000,9000.00205,-9.32435,4999.94584, 0.03439,-0.33297,-0.11736,1000.00214,-0.33236,-0.00039, 0.00306,-0.00006,-0.01269,-0.00580,-0.00745, 0.99995, 0.91165,1024.86185,1760.29284,6534.02778,-1.16644,-0.10516,-0.05753,
 9.10000,9100.00205,-9.53060,4999.94478, 0.03470,-0.33297,-0.11862,1000.00217,-0.33236,-0.00038, 0.00302,-0.00006,-0.01268,-0.00580,-0.00745, 0.99995, 0.91165,1024.86195,1760.29291,6534.02778,-1.16644,-0.10516,-0.05753,
 9.20000,9200.00205,-9.73905,4999.94370, 0.03501,-0.33298,-0.11989,1000.00220,-0.33236,-0.00038, 0.00299,-0.00006,-0.01265,-0.00580,-0.00745, 0.99995, 0.91165,1024.86205,1760.29298,6534.02778,-1.16644,-0.10516,-0.05753,
 9.30000,9300.00205,-9.94971,4999.94262, 0.03531,-0.33298,-0.12115,1000.00224,-0.33236,-0.00038, 0.00296,-0.00006,-0.01263,-0.00580,-0.00745, 0.99995, 0.91165,1024.86216,1760.29305,6534.02778,-1.16644,-0.10516,-0.05753,
 9.40000,9400.00205,-10.16257,4999.94153, 0.03561,-0.33299,-0.12242,1000.00227,-0.33236,-0.00038, 0.00294,-0.00006,-0.01260,-0.00580,-0.00745, 0.99995, 0.91165,1024.86226,1760.29313,6534.02778,-1.16644,-0.10516,-0.05753,
 9.50000,9500.00205,-10.37762,4999.94043, 0.03592,-0.33299,-0.12368,1000.00230,-0.33236,-0.00038, 0.00293,-0.00006,-0.01258,-0.00580,-0.00745, 0.99995, 0.91165,1024.86236,1760.29320,6534.02778,-1.16644,-0.10516,-0.05753,
 9.60000,9600.00204,-10.59488,4999.93933, 0.03622,-0.33300,-0.12493,1000.00234,-0.33236,-0.00038, 0.00294,-0.00006,-0.01257,-0.00580,-0.00745, 0.99995, 0.91165,1024.86247,1760.29327,6534.02778,-1.16644,-0.10516,-0.05753,
 9.70000,9700.00204,-10.81432,4999.93821, 0.03652,-0.33300,-0.12619,1000.00237,-0.33236,-0.00038, 0.00296,-0.00006,-0.01256,-0.00580,-0.00745, 0.99995, 0.91165,1024.86257,1760.29334,6534.02778,-1.16644,-0.10516,-0.05753,
 9.80000,9800.00203,-11.03596,4999.93709, 0.03682,-0.33301,-0.12745,1000.00241,-0.33236,-0.00039, 0.00298,-0.00006,-0.01256,-0.00580,-0.00745, 0.99995, 0.91165,1024.86268,1760.29342,6534.02778,-1.16644,-0.10516,-0.05753,
 9.90000,9900.00202,-11.25979,4999.93595, 0.03713,-0.33301,-0.12870,1000.00244,-0.33236,-0.00039, 0.00300,-0.00006,-0.01256,-0.00580,-0.00745, 0.99995, 0.91165,1024.86278,1760.29349,6534.02778,-1.16644,-0.10516,-0.05753,
10.00000,10000.00201,-11.48581,4999.93481, 0.03744,-0.33302,-0.12996,1000.00247,-0.33236,-0.00039, 0.00301,-0.00006,-0.01256,-0.00580,-0.00745, 0.99995, 0.91165,1024.86289,1760.29357,6534.02778,-1.16644,-0.10516,-0.05753,
10.10000,10100.00200,-11.71401,4999.93366, 0.03775,-0.33302,-0.13121,1000.00251,-0.33236,-0.00038, 0.00301,-0.00006,-0.01256,-0.00580,-0.00745, 0.99995, 0.91165,1024.86299,1760.29364,6534.02778,-1.16644,-0.10516,-0.05753,
10.20000,10200.00199,-11.94440,4999.93250, 0.03805,-0.33303,-0.13247,1000.00254,-0.33236,-0.00038, 0.00300,-0.00006,-0.01255,-0.00580,-0.00745, 0.99995, 0.91165,1024.86310,1760.29372,6534.02778,-1.16644,-0.10516,-0.05753,
10.30000,10300.00197,-12.17698,4999.93133, 0.03836,-0.33303,-0.13372,1000.00258,-0.33236,-0.00038, 0.00298,-0.00006,-0.01254,-0.00580,-0.00745, 0.99995, 0.91165,1024.86321,1760.29380,6534.02778,-1.16644,-0.10516,-0.05753,
10.40000,10400.00196,-12.41174,4999.93016, 0.03867,-0.33304,-0.13498,1000.00261,-0.33236,-0.00038, 0.00296,-0.00006,-0.01253,-0.00580,-0.00745, 0.99995, 0.91165,1024.86332,1760.29388,6534.02778,-1.16644,-0.10516,-0.05753,
10.50000,10500.00194,-12.64867,4999.92897, 0.03897,-0.33304,-0.13623,1000.00265,-0.33236,-0.00038, 0.00295,-0.00006,-0.01251,-0.00580,-0.00745, 0.99995, 0.91165,1024.86343,1760.29395,6534.02778,-1.16644,-0.10516,-0.05753,
10.60000,10600.00192,-12.88779,4999.92778, 0.03927,-0.33305,-0.13748,1000.00269,-0.33236,-0.00038, 0.00294,-0.00006,-0.01249,-0.00580,-0.00745, 0.99995, 0.91165,1024.86354,1760.29403,6534.02778,-1.16644,-0.10516,-0.05753,
10.70000,10700.00190,-13.12909,4999.92658, 0.03957,-0.33305,-0.13873,1000.00272,-0.33236,-0.00038, 0.00293,-0.00006,-0.01248,-0.00580,-0.00745, 0.99995, 0.91165,1024.86365,1760.29411,6534.02778,-1.16644,-0.10516,-0.05753,
10.80000,10800.00188,-13.37256,4999.92537, 0.03987,-0.33306,-0.13997,1000.00276,-0.33236,-0.00038, 0.00294,-0.00006,-0.01246,-0.00580,-0.00745, 0.99995, 0.91165,1024.86376,1760.29419,6534.02778,-1.16644,-0.10516,-0.05753,
10.90000,10900.00185,-13.61820,4999.92415, 0.04017,-0.33306,-0.14122,1000.00279,-0.33236,-0.00038, 0.00294,-0.00006,-0.01246,-0.00580,-0.00745, 0.99995, 0.91165,1024.86387,1760.29427,6534.02778,-1.16644,-0.10516,-0.05753,
11.00000,11000.00183,-13.86602,4999.92293, 0.04047,-0.33307,-0.14246,1000.00283,-0.33236,-0.00038, 0.00295,-0.00006,-0.01245,-0.00580,-0.00745, 0.99995, 0.91165,1024.86398,1760.29435,6534.02778,-1.16644,-0.10516,-0.05753,
11.10000,11100.00180,-14.11600,4999.92169, 0.04078,-0.33307,-0.14371,1000.00287,-0.33236,-0.00038, 0.00296,-0.00006,-0.01244,-0.00580,-0.00745, 0.99995, 0.91165,1024.86409,1760.29443,6534.02778,-1.16644,-0.10516,-0.05753,
11.20000,11200.00177,-14.36816,4999.92045, 0.04108,-0.33308,-0.14495,1000.00290,-0.33236,-0.00038, 0.00296,-0.00006,-0.01244,-0.00580,-0.00745, 0.99995, 0.91165,1024.86421,1760.29452,6534.02778,-1.16644,-0.10516,-0.05753,
11.30000,11300.00174,-14.62248,4999.91920, 0.04138,-0.33308,-0.14620,1000.00294,-0.33236,-0.00038, 0.00296,-0.00006,-0.01243,-0.00580,-0.00745, 0.99995, 0.91165,1024.86432,1760.29460,6534.02778,-1.16644,-0.10516,-0.05753,
11.40000,11400.00171,-14.87897,4999.91794, 0.04169,-0.33309,-0.14744,1000.00298,-0.33236,-0.00038, 0.00295,-0.00006,-0.01243,-0.00580,-0.00745, 0.99995, 0.91165,1024.86444,1760.29468,6534.02778,-1.16644,-0.10516,-0.05753,
11.50000,11500.00167,-15.13762,4999.91667, 0.04199,-0.33309,-0.14868,1000.00301,-0.33236,-0.00038, 0.00295,-0.00006,-0.01242,-0.00580,-0.00745, 0.99995, 0.91165,1024.86455,1760.29476,6534.02778,-1.16644,-0.10516,-0.05753,
11.60000,11600.00163,-15.39844,4999.91540, 0.04229,-0.33310,-0.14992,1000.00305,-0.33236,-0.00038, 0.00294,-0.00006,-0.01240,-0.00580,-0.00745, 0.99995, 0.91165,1024.86467,1760.29485,6534.02778,-1.16644,-0.10516,-0.05753,
11.70000,11700.00160,-15.66141,4999.91411, 0.04259,-0.33310,-0.15116,1000.00309,-0.33236,-0.00038, 0.00293,-0.00006,-0.01239,-0.00580,-0.00745, 0.99995, 0.91165,1024.86478,1760.29493,6534.02778,-1.16644,-0.10516,-0.05753,
11.80000,11800.00155,-15.92655,4999.91282, 0.04289,-0.33311,-0.15240,1000.00312,-0.33236,-0.00038, 0.00292,-0.00006,-0.01238,-0.00580,-0.00745, 0.99995, 0.91165,1024.86490,1760.29502,6534.02778,-1.16644,-0.10516,-0.05753,
11.90000,11900.00151,-16.19384,4999.91152, 0.04319,-0.33311,-0.15364,1000.00316,-0.33236,-0.00038, 0.00292,-0.00006,-0.01237,-0.00580,-0.00745, 0.99995, 0.91165,1024.86502,1760.29510,6534.02778,-1.16644,-0.10516,-0.05753,
12.00000,12000.00147,-16.46328,4999.91022, 0.04349,-0.33311,-0.15488,1000.00320,-0.33236,-0.00038, 0.00292,-0.00006,-0.01236,-0.00580,-0.00745, 0.99995, 0.91165,1024.86513,1760.29519,6534.02778,-1.16644,-0.10516,-0.05753,
12.10000,12100.00142,-16.73488,4999.90890, 0.04379,-0.33312,-0.15611,1000.00324,-0.33236,-0.00038, 0.00292,-0.00006,-0.01235,-0.00580,-0.00745, 0.99995, 0.91165,1024.86525,1760.29528,6534.02778,-1.16644,-0.10516,-0.05753,
12.20000,12200.00137,-17.00864,4999.90758, 0.04409,-0.33312,-0.15734,1000.00328,-0.33236,-0.00038, 0.00292,-0.00006,-0.01234,-0.00580,-0.00745, 0.99995, 0.91165,1024.86537,1760.29536,6534.02778,-1.16644,-0.10516,-0.05753,
12.30000,12300.00132,-17.28454,4999.90625, 0.04439,-0.33313,-0.15858,1000.00331,-0.33236,-0.00038, 0.00293,-0.00006,-0.01233,-0.00580,-0.00745, 0.99995, 0.91165,1024.86549,1760.29545,6534.02778,-1.16644,-0.10516,-0.05753,
12.40000,12400.00127,-17.56259,4999.90491, 0.04469,-0.33313,-0.15981,1000.00335,-0.33236,-0.00038, 0.00293,-0.00006,-0.01232,-0.00580,-0.00745, 0.99995, 0.91165,1024.86561,1760.29554,6534.02778,-1.16644,-0.10516,-0.05753,
12.50000,12500.00121,-17.84279,4999.90356, 0.04499,-0.33314,-0.16104,1000.00339,-0.33236,-0.00038, 0.00292,-0.00006,-0.01232,-0.00580,-0.00745, 0.99995, 0.91165,1024.86573,1760.29563,6534.02778,-1.16644,-0.10516,-0.05753,
12.60000,12600.00115,-18.12514,4999.90221, 0.04529,-0.33314,-0.16227,1000.00343,-0.33236,-0.00037, 0.00292,-0.00006,-0.01231,-0.00580,-0.00745, 0.99995, 0.91165,1024.86585,1760.29572,6534.02778,-1.16644,-0.10516,-0.05753,
12.70000,12700.00109,-18.40962,4999.90084, 0.04559,-0.33315,-0.16350,1000.00347,-0.33236,-0.00037, 0.00291,-0.00005,-0.01230,-0.00580,-0.00745, 0.99995, 0.91165,1024.86597,1760.29581,6534.02778,-1.16644,-0.10516,-0.05753,
12.80000,12800.00103,-18.69625,4999.89947, 0.04588,-0.33315,-0.16473,1000.00351,-0.33236,-0.00037, 0.00291,-0.00005,-0.01229,-0.00580,-0.00745, 0.99995, 0.91165,1024.86609,1760.29590,6534.02778,-1.16644,-0.10516,-0.05753,
12.90000,12900.00097,-18.98503,4999.89809, 0.04618,-0.33316,-0.16596,1000.00355,-0.33236,-0.00037, 0.00290,-0.00005,-0.01228,-0.00580,-0.00745, 0.99995, 0.91165,1024.86622,1760.29599,6534.02778,-1.16644,-0.10516,-0.05753,
13.00000,13000.00090,-19.27593,4999.89671, 0.04648,-0.33316,-0.16719,1000.00358,-0.33236,-0.00037, 0.00290,-0.00005,-0.01226,-0.00580,-0.00745, 0.99995, 0.91165,1024.86634,1760.29608,6534.02778,-1.16644,-0.10516,-0.05753,
13.10000,13100.00083,-19.56898,4999.89532, 0.04678,-0.33316,-0.16841,1000.00362,-0.33236,-0.00037, 0.00290,-0.00005,-0.01225,-0.00580,-0.00745, 0.99995, 0.91165,1024.86646,1760.29617,6534.02778,-1.16644,-0.10516,-0.05753,
13.20000,13200.00076,-19.86416,4999.89391, 0.04707,-0.33317,-0.16964,1000.00366,-0.33236,-0.00037, 0.00290,-0.00005,-0.01224,-0.00580,-0.00745, 0.99995, 0.91165,1024.86659,1760.29626,6534.02778,-1.16644,-0.10516,-0.05753,
13.30000,13300.00069,-20.16148,4999.89251, 0.04737,-0.33317,-0.17086,1000.00370,-0.33236,-0.00037, 0.00290,-0.00005,-0.01223,-0.00580,-0.00745, 0.99995, 0.91165,1024.86671,1760.29636,6534.02778,-1.16644,-0.10516,-0.05753,
13.40000,13400.00061,-20.46093,4999.89109, 0.04767,-0.33318,-0.17209,1000.00374,-0.33236,-0.00037, 0.00290,-0.00005,-0.01223,-0.00580,-0.00745, 0.99995, 0.91165,1024.86683,1760.29645,6534.02778,-1.16644,-0.10516,-0.05753,
13.50000,13500.00053,-20.76251,4999.88967, 0.04796,-0.33318,-0.17331,1000.00378,-0.33236,-0.00037, 0.00289,-0.00005,-0.01222,-0.00580,-0.00745, 0.99995, 0.91165,1024.86696,1760.29655,6534.02778,-1.16644,-0.10516,-0.05753,
13.60000,13600.00045,-21.06622,4999.88823, 0.04826,-0.33319,-0.17453,1000.00382,-0.33236,-0.00037, 0.00289,-0.00005,-0.01221,-0.00580,-0.00745, 0.99995, 0.91165,1024.86709,1760.29664,6534.02778,-1.16644,-0.10516,-0.05753,
13.70000,13700.00037,-21.37205,4999.88680, 0.04856,-0.33319,-0.17575,1000.00386,-0.33236,-0.00037, 0.00289,-0.00005,-0.01220,-0.00580,-0.00745, 0.99995, 0.91165,1024.86721,1760.29673,6534.02778,-1.16644,-0.10516,-0.05753,
13.80000,13800.00028,-21.68001,4999.88535, 0.04885,-0.33320,-0.17697,1000.00390,-0.33236,-0.00037, 0.00289,-0.00005,-0.01219,-0.00580,-0.00745, 0.99995, 0.91165,1024.86734,1760.29683,6534.02778,-1.16644,-0.10516,-0.05753,
13.90000,13900.00019,-21.99010,4999.88390, 0.04915,-0.33320,-0.17819,1000.00394,-0.33236,-0.00037, 0.00289,-0.00005,-0.01218,-0.00580,-0.00745, 0.99995, 0.91165,1024.86747,1760.29693,6534.02778,-1.16644,-0.10516,-0.05753,
14.00000,14000.00010,-22.30231,4999.88243, 0.04944,-0.33320,-0.17941,1000.00398,-0.33236,-0.00037, 0.00288,-0.00005,-0.01217,-0.00580,-0.00745, 0.99995, 0.91165,1024.86759,1760.29702,6534.02778,-1.16644,-0.10516,-0.05753,
14.10000,14100.00001,-22.61663,4999.88097, 0.04974,-0.33321,-0.18062,1000.00402,-0.33236,-0.00037, 0.00288,-0.00005,-0.01216,-0.00580,-0.00745, 0.99995, 0.91165,1024.86772,1760.29712,6534.02778,-1.16644,-0.10516,-0.05753,
14.20000,14199.99991,-22.93308,4999.87949, 0.05003,-0.33321,-0.18184,1000.00406,-0.33236,-0.00037, 0.00287,-0.00005,-0.01215,-0.00580,-0.00745, 0.99995, 0.91165,1024.86785,1760.29722,6534.02778,-1.16644,-0.10516,-0.05753,
14.30000,14299.99981,-23.25165,4999.87801, 0.05033,-0.33322,-0.18305,1000.00410,-0.33236,-0.00037, 0.00287,-0.00005,-0.01214,-0.00580,-0.00745, 0.99995, 0.91165,1024.86798,1760.29731,6534.02778,-1.16644,-0.10516,-0.05753,
14.40000,14399.99971,-23.57233,4999.87652, 0.05062,-0.33322,-0.18427,1000.00414,-0.33236,-0.00037, 0.00287,-0.00005,-0.01213,-0.00580,-0.00745, 0.99995, 0.91165,1024.86811,1760.29741,6534.02778,-1.16644,-0.10516,-0.05753,
14.50000,14499.99960,-23.89512,4999.87502, 0.05091,-0.33322,-0.18548,1000.00418,-0.33236,-0.00037, 0.00287,-0.00005,-0.01212,-0.00580,-0.00745, 0.99995, 0.91165,1024.86824,1760.29751,6534.02778,-1.16644,-0.10516,-0.05753,
14.60000,14599.99950,-24.22003,4999.87351, 0.05121,-0.33323,-0.18669,1000.00422,-0.33236,-0.00037, 0.00287,-0.00005,-0.01211,-0.00580,-0.00745, 0.99995, 0.91165,1024.86837,1760.29761,6534.02778,-1.16644,-0.10516,-0.05753,
14.70000,14699.99939,-24.54705,4999.87200, 0.05150,-0.33323,-0.18790,1000.00426,-0.33236,-0.00037, 0.00287,-0.00005,-0.01210,-0.00580,-0.00745, 0.99995, 0.91165,1024.86850,1760.29771,6534.02778,-1.16644,-0.10516,-0.05753,
14.80000,14799.99927,-24.87617,4999.87048, 0.05180,-0.33324,-0.18911,1000.00431,-0.33236,-0.00037, 0.00286,-0.00005,-0.01210,-0.00580,-0.00745, 0.99995, 0.91165,1024.86863,1760.29781,6534.02778,-1.16644,-0.10516,-0.05753,
14.90000,14899.99916,-25.20741,4999.86896, 0.05209,-0.33324,-0.19032,1000.00435,-0.33236,-0.00037, 0.00286,-0.00005,-0.01209,-0.00580,-0.00745, 0.99995, 0.91165,1024.86876,1760.29791,6534.02778,-1.16644,-0.10516,-0.05753,
15.00000,14999.99904,-25.54075,4999.86742, 0.05238,-0.33325,-0.19153,1000.00439,-0.33236,-0.00037, 0.00286,-0.00005,-0.01208,-0.00580,-0.00745, 0.99995, 0.91165,1024.86889,1760.29801,6534.02778,-1.16644,-0.10516,-0.05753,
15.10000,15099.99892,-25.87620,4999.86588, 0.05268,-0.33325,-0.19274,1000.00443,-0.33237,-0.00037, 0.00286,-0.00005,-0.01207,-0.00580,-0.00745, 0.99995, 0.91165,1024.86902,1760.29811,6534.02778,-1.16644,-0.10516,-0.05753,
15.20000,15199.99879,-26.21374,4999.86433, 0.05297,-0.33325,-0.19394,1000.00447,-0.33237,-0.00037, 0.00285,-0.00005,-0.01206,-0.00580,-0.00745, 0.99995, 0.91165,1024.86916,1760.29821,6534.02778,-1.16644,-0.10516,-0.05753,
15.30000,15299.99866,-26.55339,4999.86278, 0.05326,-0.33326,-0.19515,1000.00451,-0.33237,-0.00037, 0.00285,-0.00005,-0.01205,-0.00580,-0.00745, 0.99995, 0.91165,1024.86929,1760.29832,6534.02778,-1.16644,-0.10516,-0.05753,
15.40000,15399.99853,-26.89514,4999.86122, 0.05355,-0.33326,-0.19635,1000.00455,-0.33237,-0.00037, 0.00285,-0.00005,-0.01204,-0.00580,-0.00745, 0.99996, 0.91165,1024.86942,1760.29842,6534.02778,-1.16644,-0.10516,-0.05753,
15.50000,15499.99840,-27.23899,4999.85965, 0.05384,-0.33327,-0.19756,1000.00460,-0.33237,-0.00037, 0.00285,-0.00005,-0.01203,-0.00580,-0.00746, 0.99996, 0.91165,1024.86956,1760.29852,6534.02778,-1.16644,-0.10516,-0.05753,
15.60000,15599.99826,-27.58493,4999.85807, 0.05414,-0.33327,-0.19876,1000.00464,-0.33237,-0.00037, 0.00284,-0.00005,-0.01202,-0.00580,-0.00746, 0.99996, 0.91165,1024.86969,1760.29863,6534.02778,-1.16644,-0.10516,-0.05753,
15.70000,15699.99812,-27.93297,4999.85649, 0.05443,-0.33327,-0.19996,1000.00468,-0.33237,-0.00037, 0.00284,-0.00005,-0.01201,-0.00580,-0.00746, 0.99996, 0.91165,1024.86983,1760.29873,6534.02778,-1.16644,-0.10516,-0.05753,
15.80000,15799.99798,-28.28310,4999.85490, 0.05472,-0.33328,-0.20116,1000.00472,-0.33237,-0.00036, 0.00284,-0.00005,-0.01200,-0.00580,-0.00746, 0.99996, 0.91165,1024.86996,1760.29884,6534.02778,-1.16644,-0.10516,-0.05753,
15.90000,15899.99783,-28.63532,4999.85331, 0.05501,-0.33328,-0.20236,1000.00476,-0.33237,-0.00036, 0.00284,-0.00005,-0.01199,-0.00580,-0.00746, 0.99996, 0.91165,1024.87010,1760.29894,6534.02778,-1.16644,-0.10516,-0.05753,
16.00000,15999.99768,-28.98963,4999.85170, 0.05530,-0.33329,-0.20356,1000.00480,-0.33237,-0.00036, 0.00284,-0.00005,-0.01198,-0.00580,-0.00746, 0.99996, 0.91165,1024.87023,1760.29905,6534.02778,-1.16644,-0.10516,-0.05753,
16.10000,16099.99753,-29.34603,4999.85009, 0.05559,-0.33329,-0.20476,1000.00485,-0.33237,-0.00036, 0.00283,-0.00005,-0.01197,-0.00580,-0.00746, 0.99996, 0.91165,1024.87037,1760.29915,6534.02778,-1.16644,-0.10516,-0.05753,
16.20000,16199.99738,-29.70452,4999.84848, 0.05588,-0.33329,-0.20595,1000.00489,-0.33237,-0.00036, 0.00283,-0.00005,-0.01197,-0.00580,-0.00746, 0.99996, 0.91165,1024.87051,1760.29926,6534.02778,-1.16644,-0.10516,-0.05753,
16.30000,16299.99722,-30.06509,4999.84685, 0.05617,-0.33330,-0.20715,1000.00493,-0.33237,-0.00036, 0.00283,-0.00005,-0.01196,-0.00580,-0.00746, 0.99996, 0.91165,1024.87064,1760.29937,6534.02778,-1.16644,-0.10516,-0.05753,
16.40000,16399.99705,-30.42774,4999.84522, 0.05646,-0.33330,-0.20835,1000.00497,-0.33237,-0.00036, 0.00283,-0.00005,-0.01195,-0.00580,-0.00746, 0.99996, 0.91165,1024.87078,1760.29947,6534.02778,-1.16644,-0.10516,-0.05753,
16.50000,16499.99689,-30.79248,4999.84359, 0.05675,-0.33331,-0.20954,1000.00502,-0.33237,-0.00036, 0.00282,-0.00005,-0.01194,-0.00580,-0.00746, 0.99996, 0.91165,1024.87092,1760.29958,6534.02778,-1.16644,-0.10516,-0.05753,
16.60000,16599.99672,-31.15929,4999.84194, 0.05704,-0.33331,-0.21073,1000.00506,-0.33237,-0.00036, 0.00282,-0.00005,-0.01193,-0.00580,-0.00746, 0.99996, 0.91165,1024.87105,1760.29969,6534.02778,-1.16644,-0.10516,-0.05753,
16.70000,16699.99655,-31.52819,4999.84029, 0.05733,-0.33331,-0.21193,1000.00510,-0.33237,-0.00036, 0.00282,-0.00005,-0.01192,-0.00580,-0.00746, 0.99996, 0.91165,1024.87119,1760.29980,6534.02778,-1.16644,-0.10516,-0.05753,
16.80000,16799.99637,-31.89916,4999.83864, 0.05762,-0.33332,-0.21312,1000.00514,-0.33237,-0.00036, 0.00282,-0.00005,-0.01191,-0.00580,-0.00746, 0.99996, 0.91165,1024.87133,1760.29991,6534.02778,-1.16644,-0.10516,-0.05753,
16.90000,16899.99619,-32.27221,4999.83698, 0.05790,-0.33332,-0.21431,1000.00519,-0.33237,-0.00036, 0.00281,-0.00005,-0.01190,-0.00580,-0.00746, 0.99996, 0.91165,1024.87147,1760.30002,6534.02778,-1.16644,-0.10516,-0.05753,
17.00000,16999.99601,-32.64733,4999.83531, 0.05819,-0.33332,-0.21550,1000.00523,-0.33237,-0.00036, 0.00281,-0.00005,-0.01189,-0.00580,-0.00746, 0.99996, 0.91165,1024.87161,1760.30013,6534.02778,-1.16644,-0.10516,-0.05753,
17.10000,17099.99582,-33.02452,4999.83363, 0.05848,-0.33333,-0.21669,1000.00527,-0.33237,-0.00036, 0.00281,-0.00005,-0.01188,-0.00580,-0.00746, 0.99996, 0.91165,1024.87175,1760.30024,6534.02778,-1.16644,-0.10516,-0.05753,
17.20000,17199.99563,-33.40378,4999.83195, 0.05877,-0.33333,-0.21787,1000.00532,-0.33237,-0.00036, 0.00281,-0.00005,-0.01187,-0.00580,-0.00746, 0.99996, 0.91165,1024.87189,1760.30035,6534.02778,-1.16644,-0.10516,-0.05753,
17.30000,17299.99544,-33.78511,4999.83026, 0.05906,-0.33334,-0.21906,1000.00536,-0.33237,-0.00036, 0.00281,-0.00005,-0.01186,-0.00580,-0.00746, 0.99996, 0.91165,1024.87203,1760.30046,6534.02778,-1.16644,-0.10516,-0.05753,
17.40000,17399.99524,-34.16851,4999.82856, 0.05934,-0.33334,-0.22025,1000.00540,-0.33237,-0.00036, 0.00280,-0.00005,-0.01185,-0.00580,-0.00746, 0.99996, 0.91165,1024.87217,1760.30057,6534.02778,-1.16644,-0.10516,-0.05753,
17.50000,17499.99504,-34.55398,4999.82686, 0.05963,-0.33334,-0.22143,1000.00545,-0.33237,-0.00036, 0.00280,-0.00005,-0.01185,-0.00580,-0.00746, 0.99996, 0.91165,1024.87231,1760.30069,6534.02778,-1.16644,-0.10516,-0.05753,
17.60000,17599.99484,-34.94150,4999.82515, 0.05992,-0.33335,-0.22262,1000.00549,-0.33237,-0.00036, 0.00280,-0.00005,-0.01184,-0.00580,-0.00746, 0.99996, 0.91165,1024.87245,1760.30080,6534.02778,-1.16644,-0.10516,-0.05753,
17.70000,17699.99463,-35.33110,4999.82344, 0.06020,-0.33335,-0.22380,1000.00553,-0.33237,-0.00036, 0.00280,-0.00005,-0.01183,-0.00580,-0.00746, 0.99996, 0.91165,1024.87260,1760.30091,6534.02778,-1.16644,-0.10516,-0.05753,
17.80000,17799.99442,-35.72275,4999.82172, 0.06049,-0.33335,-0.22498,1000.00558,-0.33237,-0.00036, 0.00279,-0.00005,-0.01182,-0.00580,-0.00746, 0.99996, 0.91165,1024.87274,1760.30102,6534.02778,-1.16644,-0.10516,-0.05753,
17.90000,17899.99420,-36.11646,4999.81999, 0.06078,-0.33336,-0.22616,1000.00562,-0.33237,-0.00036, 0.00279,-0.00005,-0.01181,-0.00580,-0.00746, 0.99996, 0.91165,1024.87288,1760.30114,6534.02778,-1.16644,-0.10516,-0.05753,
18.00000,17999.99398,-36.51223,4999.81826, 0.06106,-0.33336,-0.22734,1000.00566,-0.33237,-0.00036, 0.00279,-0.00005,-0.01180,-0.00580,-0.00746, 0.99996, 0.91165,1024.87302,1760.30125,6534.02778,-1.16644,-0.10516,-0.05753,
18.10000,18099.99376,-36.91005,4999.81652, 0.06135,-0.33337,-0.22852,1000.00571,-0.33237,-0.00036, 0.00279,-0.00005,-0.01179,-0.00580,-0.00746, 0.99996, 0.91165,1024.87317,1760.30137,6534.02778,-1.16644,-0.10516,-0.05753,
18.20000,18199.99353,-37.30993,4999.81478, 0.06163,-0.33337,-0.22970,1000.00575,-0.33237,-0.00036, 0.00279,-0.00005,-0.01178,-0.00580,-0.00746, 0.99996, 0.91165,1024.87331,1760.30148,6534.02778,-1.16644,-0.10516,-0.05753,
18.30000,18299.99330,-37.71186,4999.81303, 0.06192,-0.33337,-0.23088,1000.00579,-0.33237,-0.00036, 0.00278,-0.00005,-0.01177,-0.00580,-0.00746, 0.99996, 0.91165,1024.87345,1760.30160,6534.02778,-1.16644,-0.10516,-0.05753,
18.40000,18399.99307,-38.11585,4999.81127, 0.06220,-0.33338,-0.23206,1000.00584,-0.33237,-0.00036, 0.00278,-0.00005,-0.01176,-0.00580,-0.00746, 0.99996, 0.91165,1024.87360,1760.30171,6534.02778,-1.16644,-0.10516,-0.05753,
18.50000,18499.99283,-38.52188,4999.80950, 0.06249,-0.33338,-0.23323,1000.00588,-0.33237,-0.00036, 0.00278,-0.00005,-0.01175,-0.00580,-0.00746, 0.99996, 0.91165,1024.87374,1760.30183,6534.02778,-1.16644,-0.10516,-0.05753,
18.60000,18599.99259,-38.92996,4999.80774, 0.06277,-0.33338,-0.23441,1000.00592,-0.33237,-0.00036, 0.00278,-0.00005,-0.01174,-0.00580,-0.00746, 0.99996, 0.91165,1024.87389,1760.30195,6534.02778,-1.16644,-0.10516,-0.05753,
18.70000,18699.99234,-39.34009,4999.80596, 0.06306,-0.33339,-0.23558,1000.00597,-0.33237,-0.00036, 0.00277,-0.00005,-0.01174,-0.00580,-0.00746, 0.99996, 0.91165,1024.87403,1760.30206,6534.02778,-1.16644,-0.10516,-0.05753,
18.80000,18799.99209,-39.75226,4999.80418, 0.06334,-0.33339,-0.23675,1000.00601,-0.33237,-0.00036, 0.00277,-0.00005,-0.01173,-0.00580,-0.00746, 0.99996, 0.91165,1024.87418,1760.30218,6534.02778,-1.16644,-0.10516,-0.05753,
18.90000,18899.99184,-40.16648,4999.80239, 0.06363,-0.33339,-0.23793,1000.00606,-0.33237,-0.00036, 0.00277,-0.00005,-0.01172,-0.00581,-0.00746, 0.99996, 0.91165,1024.87432,1760.30230,6534.02778,-1.16644,-0.10516,-0.05753,
19.00000,18999.99158,-40.58273,4999.80060, 0.06391,-0.33340,-0.23910,1000.00610,-0.33237,-0.00036, 0.00277,-0.00005,-0.01171,-0.00581,-0.00746, 0.99996, 0.91165,1024.87447,1760.30242,6534.02778,-1.16644,-0.10516,-0.05753,
19.10000,19099.99132,-41.00103,4999.79880, 0.06419,-0.33340,-0.24027,1000.00614,-0.33237,-0.00036, 0.00277,-0.00005,-0.01170,-0.00581,-0.00746, 0.99996, 0.91165,1024.87461,1760.30254,6534.02778,-1.16644,-0.10516,-0.05753,
19.20000,19199.99105,-41.42137,4999.79699, 0.06448,-0.33340,-0.24144,1000.00619,-0.33237,-0.00036, 0.00276,-0.00005,-0.01169,-0.00581,-0.00746, 0.99996, 0.91165,1024.87476,1760.30265,6534.02778,-1.16644,-0.10516,-0.05753,
19.30000,19299.99078,-41.84374,4999.79518, 0.06476,-0.33341,-0.24261,1000.00623,-0.33237,-0.00036, 0.00276,-0.00005,-0.01168,-0.00581,-0.00746, 0.99996, 0.91165,1024.87490,1760.30277,6534.02778,-1.16644,-0.10516,-0.05753,
19.40000,19399.99050,-42.26815,4999.79337, 0.06504,-0.33341,-0.24377,1000.00628,-0.33237,-0.00035, 0.00276,-0.00005,-0.01167,-0.00581,-0.00746, 0.99996, 0.91165,1024.87505,1760.30289,6534.02778,-1.16644,-0.10516,-0.05753,
19.50000,19499.99022,-42.69460,4999.79154, 0.06532,-0.33341,-0.24494,1000.00632,-0.33237,-0.00035, 0.00276,-0.00005,-0.01166,-0.00581,-0.00746, 0.99996, 0.91165,1024.87520,1760.30301,6534.02778,-1.16644,-0.10516,-0.05753,
19.60000,19599.98994,-43.12307,4999.78972, 0.06561,-0.33342,-0.24611,1000.00636,-0.33237,-0.00035, 0.00275,-0.00005,-0.01165,-0.00581,-0.00746, 0.99996, 0.91165,1024.87535,1760.30313,6534.02778,-1.16644,-0.10516,-0.05753,
19.70000,19699.98965,-43.55358,4999.78788, 0.06589,-0.33342,-0.24727,1000.00641,-0.33237,-0.00035, 0.00275,-0.00005,-0.01165,-0.00581,-0.00746, 0.99996, 0.91165,1024.87549,1760.30325,6534.02778,-1.16644,-0.10516,-0.05753,
19.80000,19799.98936,-43.98611,4999.78604, 0.06617,-0.33342,-0.24844,1000.00645,-0.33237,-0.00035, 0.00275,-0.00005,-0.01164,-0.00581,-0.00746, 0.99996, 0.91165,1024.87564,1760.30338,6534.02778,-1.16644,-0.10516,-0.05753,
19.90000,19899.98906,-44.42068,4999.78420, 0.06645,-0.33343,-0.24960,1000.00650,-0.33237,-0.00035, 0.00275,-0.00005,-0.01163,-0.00581,-0.00746, 0.99996, 0.91165,1024.87579,1760.30350,6534.02778,-1.16644,-0.10516,-0.05753,
20.00000,19999.98876,-44.85727,4999.78235, 0.06673,-0.33343,-0.25076,1000.00654,-0.33237,-0.00035, 0.00275,-0.00005,-0.01162,-0.00581,-0.00746, 0.99996, 0.91165,1024.87594,1760.30362,6534.02778,-1.16644,-0.10516,-0.05753,
20.10000,20099.98846,-45.29588,4999.78049, 0.06702,-0.33343,-0.25192,1000.00659,-0.33237,-0.00035, 0.00274,-0.00005,-0.01161,-0.00581,-0.00746, 0.99996, 0.91165,1024.87608,1760.30374,6534.02778,-1.16644,-0.10516,-0.05753,
20.20000,20199.98815,-45.73652,4999.77863, 0.06730,-0.33344,-0.25308,1000.00663,-0.33237,-0.00035, 0.00274,-0.00005,-0.01160,-0.00581,-0.00746, 0.99996, 0.91165,1024.87623,1760.30386,6534.02778,-1.16644,-0.10516,-0.05753,
20.30000,20299.98783,-46.17918,4999.77676, 0.06758,-0.33344,-0.25424,1000.00667,-0.33237,-0.00035, 0.00274,-0.00005,-0.01159,-0.00581,-0.00746, 0.99996, 0.91165,1024.87638,1760.30399,6534.02778,-1.16644,-0.10516,-0.05753,
20.40000,20399.98751,-46.62386,4999.77489, 0.06786,-0.33344,-0.25540,1000.00672,-0.33237,-0.00035, 0.00274,-0.00005,-0.01158,-0.00581,-0.00746, 0.99996, 0.91165,1024.87653,1760.30411,6534.02778,-1.16644,-0.10516,-0.05753,
20.50000,20499.98719,-47.07055,4999.77301, 0.06814,-0.33345,-0.25656,1000.00676,-0.33237,-0.00035, 0.00273,-0.00005,-0.01157,-0.00581,-0.00746, 0.99996, 0.91165,1024.87668,1760.30424,6534.02778,-1.16644,-0.10516,-0.05753,
20.60000,20599.98686,-47.51927,4999.77113, 0.06842,-0.33345,-0.25772,1000.00681,-0.33237,-0.00035, 0.00273,-0.00005,-0.01156,-0.00581,-0.00746, 0.99996, 0.91165,1024.87683,1760.30436,6534.02778,-1.16644,-0.10516,-0.05753,
20.70000,20699.98653,-47.96999,4999.76924, 0.06870,-0.33345,-0.25887,1000.00685,-0.33237,-0.00035, 0.00273,-0.00005,-0.01156,-0.00581,-0.00746, 0.99996, 0.91165,1024.87698,1760.30448,6534.02778,-1.16644,-0.10516,-0.05753,
20.80000,20799.98619,-48.42274,4999.76735, 0.06898,-0.33346,-0.26003,1000.00690,-0.33237,-0.00035, 0.00273,-0.00005,-0.01155,-0.00581,-0.00746, 0.99996, 0.91165,1024.87713,1760.30461,6534.02778,-1.16644,-0.10516,-0.05753,
20.90000,20899.98585,-48.87749,4999.76545, 0.06926,-0.33346,-0.26118,1000.00694,-0.33237,-0.00035, 0.00273,-0.00005,-0.01154,-0.00581,-0.00746, 0.99996, 0.91165,1024.87728,1760.30473,6534.02778,-1.16644,-0.10516,-0.05753,
21.00000,20999.98550,-49.33425,4999.76354, 0.06954,-0.33346,-0.26233,1000.00699,-0.33237,-0.00035, 0.00272,-0.00005,-0.01153,-0.00581,-0.00746, 0.99996, 0.91165,1024.87743,1760.30486,6534.02778,-1.16644,-0.10516,-0.05753,
21.10000,21099.98515,-49.79303,4999.76163, 0.06981,-0.33347,-0.26349,1000.00703,-0.33237,-0.00035, 0.00272,-0.00004,-0.01152,-0.00581,-0.00746, 0.99996, 0.91165,1024.87758,1760.30499,6534.02778,-1.16644,-0.10516,-0.05753,
21.20000,21199.98479,-50.25381,4999.75972, 0.07009,-0.33347,-0.26464,1000.00708,-0.33237,-0.00035, 0.00272,-0.00004,-0.01151,-0.00581,-0.00746, 0.99996, 0.91165,1024.87773,1760.30511,6534.02778,-1.16644,-0.10516,-0.05753,
21.30000,21299.98443,-50.71660,4999.75779, 0.07037,-0.33347,-0.26579,1000.00712,-0.33237,-0.00035, 0.00272,-0.00004,-0.01150,-0.00581,-0.00746, 0.99996, 0.91165,1024.87788,1760.30524,6534.02778,-1.16644,-0.10516,-0.05753,
21.40000,21399.98407,-51.18139,4999.75587, 0.07065,-0.33348,-0.26694,1000.00717,-0.33237,-0.00035, 0.00271,-0.00004,-0.01149,-0.00581,-0.00746, 0.99996, 0.91165,1024.87803,1760.30537,6534.02778,-1.16644,-0.10516,-0.05753,
21.50000,21499.98370,-51.64818,4999.75394, 0.07093,-0.33348,-0.26809,1000.00721,-0.33237,-0.00035, 0.00271,-0.00004,-0.01148,-0.00581,-0.00746, 0.99996, 0.91165,1024.87819,1760.30549,6534.02778,-1.16644,-0.10516,-0.05753,
21.60000,21599.98332,-52.11697,4999.75200, 0.07121,-0.33348,-0.26924,1000.00725,-0.33237,-0.00035, 0.00271,-0.00004,-0.01148,-0.00581,-0.00746, 0.99996, 0.91165,1024.87834,1760.30562,6534.02778,-1.16644,-0.10516,-0.05753,
21.70000,21699.98294,-52.58777,4999.75006, 0.07148,-0.33348,-0.27038,1000.00730,-0.33237,-0.00035, 0.00271,-0.00004,-0.01147,-0.00581,-0.00746, 0.99996, 0.91165,1024.87849,1760.30575,6534.02778,-1.16644,-0.10516,-0.05753,
21.80000,21799.98255,-53.06056,4999.74811, 0.07176,-0.33349,-0.27153,1000.00734,-0.33237,-0.00035, 0.00271,-0.00004,-0.01146,-0.00581,-0.00746, 0.99996, 0.91165,1024.87864,1760.30588,6534.02778,-1.16644,-0.10516,-0.05753,
21.90000,21899.98216,-53.53535,4999.74616, 0.07204,-0.33349,-0.27267,1000.00739,-0.33237,-0.00035, 0.00270,-0.00004,-0.01145,-0.00581,-0.00746, 0.99996, 0.91165,1024.87879,1760.30601,6534.02778,-1.16644,-0.10516,-0.05753,
22.00000,21999.98177,-54.01214,4999.74421, 0.07231,-0.33349,-0.27382,1000.00743,-0.33237,-0.00035, 0.00270,-0.00004,-0.01144,-0.00581,-0.00746, 0.99996, 0.91165,1024.87894,1760.30613,6534.02778,-1.16644,-0.10516,-0.05753,
22.10000,22099.98137,-54.49091,4999.74225, 0.07259,-0.33350,-0.27496,1000.00748,-0.33237,-0.00035, 0.00270,-0.00004,-0.01143,-0.00581,-0.00746, 0.99996, 0.91165,1024.87910,1760.30626,6534.02778,-1.16644,-0.10516,-0.05753,
22.20000,22199.98096,-54.97168,4999.74028, 0.07287,-0.33350,-0.27611,1000.00752,-0.33237,-0.00035, 0.00270,-0.00004,-0.01142,-0.00581,-0.00746, 0.99996, 0.91165,1024.87925,1760.30639,6534.02778,-1.16644,-0.10516,-0.05753,
22.30000,22299.98055,-55.45444,4999.73831, 0.07314,-0.33350,-0.27725,1000.00757,-0.33237,-0.00035, 0.00269,-0.00004,-0.01141,-0.00581,-0.00746, 0.99996, 0.91165,1024.87940,1760.30652,6534.02778,-1.16644,-0.10516,-0.05753,
22.40000,22399.98014,-55.93919,4999.73633, 0.07342,-0.33350,-0.27839,1000.00761,-0.33237,-0.00035, 0.00269,-0.00004,-0.01140,-0.00581,-0.00746, 0.99996, 0.91165,1024.87956,1760.30665,6534.02778,-1.16644,-0.10516,-0.05753,
22.50000,22499.97971,-56.42593,4999.73435, 0.07370,-0.33351,-0.27953,1000.00766,-0.33237,-0.00035, 0.00269,-0.00004,-0.01140,-0.00581,-0.00746, 0.99996, 0.91165,1024.87971,1760.30678,6534.02778,-1.16644,-0.10516,-0.05753,
22.60000,22599.97929,-56.91465,4999.73237, 0.07397,-0.33351,-0.28067,1000.00770,-0.33237,-0.00035, 0.00269,-0.00004,-0.01139,-0.00581,-0.00746, 0.99996, 0.91165,1024.87986,1760.30691,6534.02778,-1.16644,-0.10516,-0.05753,
22.70000,22699.97886,-57.40536,4999.73038, 0.07425,-0.33351,-0.28181,1000.00775,-0.33237,-0.00035, 0.00269,-0.00004,-0.01138,-0.00581,-0.00746, 0.99996, 0.91165,1024.88001,1760.30705,6534.02778,-1.16644,-0.10516,-0.05753,
22.80000,22799.97842,-57.89805,4999.72838, 0.07452,-0.33352,-0.28294,1000.00779,-0.33237,-0.00035, 0.00268,-0.00004,-0.01137,-0.00581,-0.00746, 0.99996, 0.91165,1024.88017,1760.30718,6534.02778,-1.16644,-0.10516,-0.05753,
22.90000,22899.97798,-58.39272,4999.72638, 0.07480,-0.33352,-0.28408,1000.00784,-0.33237,-0.00035, 0.00268,-0.00004,-0.01136,-0.00581,-0.00746, 0.99996, 0.91165,1024.88032,1760.30731,6534.02778,-1.16644,-0.10516,-0.05753,
23.00000,22999.97753,-58.88937,4999.72438, 0.07507,-0.33352,-0.28522,1000.00788,-0.33237,-0.00034, 0.00268,-0.00004,-0.01135,-0.00581,-0.00746, 0.99996, 0.91165,1024.88048,1760.30744,6534.02778,-1.16644,-0.10516,-0.05753,
23.10000,23099.97708,-59.38799,4999.72237, 0.07535,-0.33352,-0.28635,1000.00793,-0.33237,-0.00034, 0.00268,-0.00004,-0.01134,-0.00581,-0.00746, 0.99996, 0.91165,1024.88063,1760.30757,6534.02778,-1.16644,-0.10516,-0.05753,
23.20000,23199.97662,-59.88860,4999.72035, 0.07562,-0.33353,-0.28748,1000.00797,-0.33237,-0.00034, 0.00268,-0.00004,-0.01133,-0.00581,-0.00746, 0.99996, 0.91165,1024.88078,1760.30771,6534.02778,-1.16644,-0.10516,-0.05753,
23.30000,23299.97616,-60.39118,4999.71833, 0.07589,-0.33353,-0.28862,1000.00802,-0.33237,-0.00034, 0.00267,-0.00004,-0.01133,-0.00581,-0.00746, 0.99996, 0.91165,1024.88094,1760.30784,6534.02778,-1.16644,-0.10516,-0.05753,
23.40000,23399.97569,-60.89573,4999.71631, 0.07617,-0.33353,-0.28975,1000.00806,-0.33237,-0.00034, 0.00267,-0.00004,-0.01132,-0.00581,-0.00746, 0.99996, 0.91165,1024.88109,1760.30797,6534.02778,-1.16644,-0.10516,-0.05753,
23.50000,23499.97521,-61.40226,4999.71428, 0.07644,-0.33354,-0.29088,1000.00811,-0.33237,-0.00034, 0.00267,-0.00004,-0.01131,-0.00581,-0.00746, 0.99996, 0.91165,1024.88125,1760.30811,6534.02778,-1.16644,-0.10516,-0.05753,
23.60000,23599.97473,-61.91075,4999.71225, 0.07671,-0.33354,-0.29201,1000.00815,-0.33237,-0.00034, 0.00267,-0.00004,-0.01130,-0.00581,-0.00746, 0.99996, 0.91165,1024.88140,1760.30824,6534.02778,-1.16644,-0.10516,-0.05753,
23.70000,23699.97425,-62.42122,4999.71021, 0.07699,-0.33354,-0.29314,1000.00820,-0.33237,-0.00034, 0.00266,-0.00004,-0.01129,-0.00581,-0.00746, 0.99996, 0.91165,1024.88156,1760.30838,6534.02778,-1.16644,-0.10516,-0.05753,
23.80000,23799.97376,-62.93365,4999.70817, 0.07726,-0.33354,-0.29427,1000.00824,-0.33237,-0.00034, 0.00266,-0.00004,-0.01128,-0.00581,-0.00746, 0.99996, 0.91165,1024.88171,1760.30851,6534.02778,-1.16644,-0.10516,-0.05753,
23.90000,23899.97326,-63.44805,4999.70613, 0.07753,-0.33355,-0.29540,1000.00829,-0.33237,-0.00034, 0.00266,-0.00004,-0.01127,-0.00581,-0.00746, 0.99996, 0.91165,1024.88187,1760.30864,6534.02778,-1.16644,-0.10516,-0.05753,
24.00000,23999.97276,-63.96441,4999.70408, 0.07781,-0.33355,-0.29652,1000.00833,-0.33237,-0.00034, 0.00266,-0.00004,-0.01126,-0.00581,-0.00746, 0.99996, 0.91165,1024.88202,1760.30878,6534.02778,-1.16644,-0.10516,-0.05753,
24.10000,24099.97225,-64.48274,4999.70202, 0.07808,-0.33355,-0.29765,1000.00837,-0.33237,-0.00034, 0.00266,-0.00004,-0.01126,-0.00581,-0.00746, 0.99996, 0.91165,1024.88218,1760.30892,6534.02778,-1.16644,-0.10516,-0.05753,
24.20000,24199.97173,-65.00303,4999.69997, 0.07835,-0.33355,-0.29878,1000.00842,-0.33237,-0.00034, 0.00265,-0.00004,-0.01125,-0.00581,-0.00746, 0.99996, 0.91165,1024.88233,1760.30905,6534.02778,-1.16644,-0.10516,-0.05753,
24.30000,24299.97122,-65.52527,4999.69790, 0.07862,-0.33356,-0.29990,1000.00846,-0.33237,-0.00034, 0.00265,-0.00004,-0.01124,-0.00581,-0.00746, 0.99996, 0.91165,1024.88249,1760.30919,6534.02778,-1.16644,-0.10516,-0.05753,
24.40000,24399.97069,-66.04948,4999.69584, 0.07889,-0.33356,-0.30102,1000.00851,-0.33237,-0.00034, 0.00265,-0.00004,-0.01123,-0.00581,-0.00746, 0.99996, 0.91165,1024.88264,1760.30932,6534.02778,-1.16644,-0.10516,-0.05753,
24.50000,24499.97016,-66.57564,4999.69376, 0.07916,-0.33356,-0.30215,1000.00855,-0.33237,-0.00034, 0.00265,-0.00004,-0.01122,-0.00581,-0.00746, 0.99996, 0.91165,1024.88280,1760.30946,6534.02778,-1.16644,-0.10516,-0.05753,
24.60000,24599.96962,-67.10376,4999.69169, 0.07944,-0.33356,-0.30327,1000.00860,-0.33237,-0.00034, 0.00264,-0.00004,-0.01121,-0.00581,-0.00746, 0.99996, 0.91165,1024.88295,1760.30960,6534.02778,-1.16644,-0.10516,-0.05753,
24.70000,24699.96908,-67.63383,4999.68961, 0.07971,-0.33357,-0.30439,1000.00864,-0.33237,-0.00034, 0.00264,-0.00004,-0.01120,-0.00581,-0.00746, 0.99996, 0.91165,1024.88311,1760.30973,6534.02778,-1.16644,-0.10516,-0.05753,
24.80000,24799.96853,-68.16585,4999.68752, 0.07998,-0.33357,-0.30551,1000.00869,-0.33237,-0.00034, 0.00264,-0.00004,-0.01120,-0.00581,-0.00746, 0.99996, 0.91165,1024.88327,1760.30987,6534.02778,-1.16644,-0.10516,-0.05753,
24.90000,24899.96798,-68.69983,4999.68544, 0.08025,-0.33357,-0.30663,1000.00873,-0.33237,-0.00034, 0.00264,-0.00004,-0.01119,-0.00581,-0.00746, 0.99996, 0.91165,1024.88342,1760.31001,6534.02778,-1.16644,-0.10516,-0.05753,
25.00000,24999.96741,-69.23575,4999.68334, 0.08052,-0.33357,-0.30775,1000.00878,-0.33237,-0.00034, 0.00264,-0.00004,-0.01118,-0.00581,-0.00746, 0.99996, 0.91165,1024.88358,1760.31015,6534.02778,-1.16644,-0.10516,-0.05753,
25.10000,25099.96685,-69.77363,4999.68125, 0.08079,-0.33358,-0.30886,1000.00882,-0.33237,-0.00034, 0.00263,-0.00004,-0.01117,-0.00581,-0.00746, 0.99996, 0.91165,1024.88373,1760.31028,6534.02778,-1.16644,-0.10516,-0.05753,
25.20000,25199.96628,-70.31344,4999.67915, 0.08106,-0.33358,-0.30998,1000.00887,-0.33237,-0.00034, 0.00263,-0.00004,-0.01116,-0.00581,-0.00746, 0.99996, 0.91165,1024.88389,1760.31042,6534.02778,-1.16644,-0.10516,-0.05753,
25.30000,25299.96570,-70.85521,4999.67704, 0.08133,-0.33358,-0.31110,1000.00891,-0.33237,-0.00034, 0.00263,-0.00004,-0.01115,-0.00581,-0.00746, 0.99996, 0.91165,1024.88405,1760.31056,6534.02778,-1.16644,-0.10516,-0.05753,
25.40000,25399.96511,-71.39891,4999.67493, 0.08160,-0.33358,-0.31221,1000.00895,-0.33237,-0.00034, 0.00263,-0.00004,-0.01114,-0.00581,-0.00746, 0.99996, 0.91165,1024.88420,1760.31070,6534.02778,-1.16644,-0.10516,-0.05753,
25.50000,25499.96452,-71.94456,4999.67282, 0.08187,-0.33359,-0.31332,1000.00900,-0.33237,-0.00034, 0.00263,-0.00004,-0.01114,-0.00581,-0.00746, 0.99996, 0.91165,1024.88436,1760.31084,6534.02778,-1.16644,-0.10516,-0.05753,
25.60000,25599.96392,-72.49215,4999.67071, 0.08213,-0.33359,-0.31444,1000.00904,-0.33237,-0.00034, 0.00262,-0.00004,-0.01113,-0.00581,-0.00746, 0.99996, 0.91165,1024.88451,1760.31098,6534.02778,-1.16644,-0.10516,-0.05753,
25.70000,25699.96332,-73.04168,4999.66859, 0.08240,-0.33359,-0.31555,1000.00909,-0.33237,-0.00034, 0.00262,-0.00004,-0.01112,-0.00581,-0.00746, 0.99996, 0.91165,1024.88467,1760.31112,6534.02778,-1.16644,-0.10516,-0.05753,
25.80000,25799.96271,-73.59314,4999.66646, 0.08267,-0.33359,-0.31666,1000.00913,-0.33237,-0.00034, 0.00262,-0.00004,-0.01111,-0.00581,-0.00746, 0.99996, 0.91165,1024.88483,1760.31126,6534.02778,-1.16644,-0.10516,-0.05753,
25.90000,25899.96209,-74.14655,4999.66433, 0.08294,-0.33359,-0.31777,1000.00918,-0.33237,-0.00034, 0.00262,-0.00004,-0.01110,-0.00581,-0.00746, 0.99996, 0.91165,1024.88498,1760.31140,6534.02778,-1.16644,-0.10516,-0.05753,
26.00000,25999.96147,-74.70188,4999.66220, 0.08321,-0.33360,-0.31888,1000.00922,-0.33237,-0.00034, 0.00262,-0.00004,-0.01109,-0.00581,-0.00746, 0.99996, 0.91165,1024.88514,1760.31154,6534.02778,-1.16644,-0.10516,-0.05753,
26.10000,26099.96084,-75.25915,4999.66007, 0.08348,-0.33360,-0.31999,1000.00926,-0.33237,-0.00034, 0.00261,-0.00004,-0.01108,-0.00581,-0.00746, 0.99996, 0.91165,1024.88530,1760.31168,6534.02778,-1.16644,-0.10516,-0.05753,
26.20000,26199.96021,-75.81835,4999.65793, 0.08374,-0.33360,-0.32110,1000.00931,-0.33237,-0.00034, 0.00261,-0.00004,-0.01108,-0.00581,-0.00746, 0.99996, 0.91165,1024.88545,1760.31182,6534.02778,-1.16644,-0.10516,-0.05753,
26.30000,26299.95957,-76.37948,4999.65578, 0.08401,-0.33360,-0.32221,1000.00935,-0.33237,-0.00034, 0.00261,-0.00004,-0.01107,-0.00581,-0.00746, 0.99996, 0.91165,1024.88561,1760.31196,6534.02778,-1.16644,-0.10516,-0.05753,
26.40000,26399.95892,-76.94254,4999.65364, 0.08428,-0.33361,-0.32331,1000.00940,-0.33237,-0.00034, 0.00261,-0.00004,-0.01106,-0.00581,-0.00746, 0.99996, 0.91165,1024.88577,1760.31210,6534.02778,-1.16644,-0.10516,-0.05753,
26.50000,26499.95827,-77.50752,4999.65149, 0.08455,-0.33361,-0.32442,1000.00944,-0.33237,-0.00034, 0.00260,-0.00004,-0.01105,-0.00581,-0.00746, 0.99996, 0.91165,1024.88592,1760.31225,6534.02778,-1.16644,-0.10516,-0.05753,
26.60000,26599.95760,-78.07443,4999.64933, 0.08481,-0.33361,-0.32552,1000.00948,-0.33237,-0.00034, 0.00260,-0.00004,-0.01104,-0.00581,-0.00746, 0.99996, 0.91165,1024.88608,1760.31239,6534.02778,-1.16644,-0.10516,-0.05753,
26.70000,26699.95694,-78.64326,4999.64718, 0.08508,-0.33361,-0.32663,1000.00953,-0.33238,-0.00034, 0.00260,-0.00004,-0.01103,-0.00581,-0.00746, 0.99996, 0.91165,1024.88624,1760.31253,6534.02778,-1.16644,-0.10516,-0.05753,
26.80000,26799.95626,-79.21402,4999.64502, 0.08535,-0.33361,-0.32773,1000.00957,-0.33238,-0.00033, 0.00260,-0.00004,-0.01102,-0.00581,-0.00746, 0.99996, 0.91165,1024.88640,1760.31267,6534.02778,-1.16644,-0.10516,-0.05753,
26.90000,26899.95558,-79.78670,4999.64285, 0.08561,-0.33362,-0.32883,1000.00962,-0.33238,-0.00033, 0.00260,-0.00004,-0.01102,-0.00581,-0.00746, 0.99996, 0.91165,1024.88655,1760.31282,6534.02778,-1.16644,-0.10516,-0.05753,
27.00000,26999.95490,-80.36130,4999.64068, 0.08588,-0.33362,-0.32993,1000.00966,-0.33238,-0.00033, 0.00259,-0.00004,-0.01101,-0.00581,-0.00746, 0.99996, 0.91165,1024.88671,1760.31296,6534.02778,-1.16644,-0.10516,-0.05753,
27.10000,27099.95420,-80.93781,4999.63851, 0.08614,-0.33362,-0.33103,1000.00970,-0.33238,-0.00033, 0.00259,-0.00004,-0.01100,-0.00581,-0.00746, 0.99996, 0.91165,1024.88687,1760.31310,6534.02778,-1.16644,-0.10516,-0.05753,
27.20000,27199.95350,-81.51624,4999.63634, 0.08641,-0.33362,-0.33213,1000.00975,-0.33238,-0.00033, 0.00259,-0.00004,-0.01099,-0.00581,-0.00746, 0.99996, 0.91165,1024.88702,1760.31325,6534.02778,-1.16644,-0.10516,-0.05753,
27.30000,27299.95280,-82.09659,4999.63416, 0.08667,-0.33362,-0.33323,1000.00979,-0.33238,-0.00033, 0.00259,-0.00004,-0.01098,-0.00581,-0.00746, 0.99996, 0.91165,1024.88718,1760.31339,6534.02778,-1.16644,-0.10516,-0.05753,
27.40000,27399.95208,-82.67885,4999.63198, 0.08694,-0.33363,-0.33433,1000.00984,-0.33238,-0.00033, 0.00259,-0.00004,-0.01097,-0.00581,-0.00746, 0.99996, 0.91165,1024.88734,1760.31353,6534.02778,-1.16644,-0.10516,-0.05753,
27.50000,27499.95136,-83.26302,4999.62979, 0.08720,-0.33363,-0.33543,1000.00988,-0.33238,-0.00033, 0.00258,-0.00004,-0.01096,-0.00581,-0.00746, 0.99996, 0.91165,1024.88749,1760.31368,6534.02778,-1.16644,-0.10516,-0.05753,
27.60000,27599.95063,-83.84911,4999.62760, 0.08747,-0.33363,-0.33652,1000.00992,-0.33238,-0.00033, 0.00258,-0.00004,-0.01096,-0.00581,-0.00746, 0.99996, 0.91165,1024.88765,1760.31382,6534.02778,-1.16644,-0.10516,-0.05753,
27.70000,27699.94990,-84.43710,4999.62541, 0.08773,-0.33363,-0.33762,1000.00997,-0.33238,-0.00033, 0.00258,-0.00004,-0.01095,-0.00581,-0.00746, 0.99996, 0.91165,1024.88781,1760.31397,6534.02778,-1.16644,-0.10516,-0.05753,
27.80000,27799.94916,-85.02700,4999.62322, 0.08800,-0.33363,-0.33871,1000.01001,-0.33238,-0.00033, 0.00258,-0.00004,-0.01094,-0.00581,-0.00746, 0.99996, 0.91165,1024.88797,1760.31411,6534.02778,-1.16644,-0.10516,-0.05753,
27.90000,27899.94841,-85.61881,4999.62102, 0.08826,-0.33364,-0.33980,1000.01005,-0.33238,-0.00033, 0.00258,-0.00004,-0.01093,-0.00581,-0.00746, 0.99996, 0.91165,1024.88812,1760.31426,6534.02778,-1.16644,-0.10516,-0.05753,
28.00000,27999.94766,-86.21252,4999.61882, 0.08852,-0.33364,-0.34090,1000.01010,-0.33238,-0.00033, 0.00257,-0.00004,-0.01092,-0.00581,-0.00746, 0.99996, 0.91165,1024.88828,1760.31440,6534.02778,-1.16644,-0.10516,-0.05753,
28.10000,28099.94689,-86.80813,4999.61661, 0.08879,-0.33364,-0.34199,1000.01014,-0.33238,-0.00033, 0.00257,-0.00004,-0.01091,-0.00581,-0.00746, 0.99996, 0.91165,1024.88844,1760.31455,6534.02778,-1.16644,-0.10516,-0.05753,
28.20000,28199.94612,-87.40565,4999.61440, 0.08905,-0.33364,-0.34308,1000.01018,-0.33238,-0.00033, 0.00257,-0.00004,-0.01091,-0.00581,-0.00746, 0.99996, 0.91165,1024.88859,1760.31469,6534.02778,-1.16644,-0.10516,-0.05753,
28.30000,28299.94535,-88.00506,4999.61219, 0.08931,-0.33364,-0.34417,1000.01023,-0.33238,-0.00033, 0.00257,-0.00004,-0.01090,-0.00581,-0.00746, 0.99996, 0.91165,1024.88875,1760.31484,6534.02778,-1.16644,-0.10516,-0.05753,
28.40000,28399.94457,-88.60638,4999.60998, 0.08958,-0.33365,-0.34526,1000.01027,-0.33238,-0.00033, 0.00256,-0.00004,-0.01089,-0.00581,-0.00746, 0.99996, 0.91165,1024.88891,1760.31498,6534.02778,-1.16644,-0.10516,-0.05753,
28.50000,28499.94378,-89.20959,4999.60776, 0.08984,-0.33365,-0.34635,1000.01031,-0.33238,-0.00033, 0.00256,-0.00004,-0.01088,-0.00581,-0.00746, 0.99996, 0.91165,1024.88906,1760.31513,6534.02778,-1.16644,-0.10516,-0.05753,
28.60000,28599.94298,-89.81470,4999.60554, 0.09010,-0.33365,-0.34744,1000.01036,-0.33238,-0.00033, 0.00256,-0.00004,-0.01087,-0.00581,-0.00746, 0.99996, 0.91165,1024.88922,1760.31528,6534.02778,-1.16644,-0.10516,-0.05753,
28.70000,28699.94217,-90.42171,4999.60332, 0.09036,-0.33365,-0.34852,1000.01040,-0.33238,-0.00033, 0.00256,-0.00004,-0.01086,-0.00581,-0.00746, 0.99996, 0.91165,1024.88938,1760.31542,6534.02778,-1.16644,-0.10516,-0.05753,
28.80000,28799.94136,-91.03060,4999.60109, 0.09063,-0.33365,-0.34961,1000.01044,-0.33238,-0.00033, 0.00256,-0.00004,-0.01086,-0.00581,-0.00746, 0.99996, 0.91165,1024.88953,1760.31557,6534.02778,-1.16644,-0.10516,-0.05753,
28.90000,28899.94054,-91.64139,4999.59886, 0.09089,-0.33366,-0.35069,1000.01048,-0.33238,-0.00033, 0.00255,-0.00003,-0.01085,-0.00581,-0.00746, 0.99996, 0.91165,1024.88969,1760.31572,6534.02778,-1.16644,-0.10516,-0.05753,
29.00000,28999.93972,-92.25407,4999.59663, 0.09115,-0.33366,-0.35178,1000.01053,-0.33238,-0.00033, 0.00255,-0.00003,-0.01084,-0.00581,-0.00746, 0.99996, 0.91165,1024.88985,1760.31586,6534.02778,-1.16644,-0.10516,-0.05753,
29.10000,29099.93888,-92.86864,4999.59440, 0.09141,-0.33366,-0.35286,1000.01057,-0.33238,-0.00033, 0.00255,-0.00003,-0.01083,-0.00581,-0.00746, 0.99996, 0.91165,1024.89000,1760.31601,6534.02778,-1.16644,-0.10516,-0.05753,
29.20000,29199.93804,-93.48509,4999.59216, 0.09167,-0.33366,-0.35394,1000.01061,-0.33238,-0.00033, 0.00255,-0.00003,-0.01082,-0.00581,-0.00746, 0.99996, 0.91165,1024.89016,1760.31616,6534.02778,-1.16644,-0.10516,-0.05753,
29.30000,29299.93719,-94.10343,4999.58992, 0.09193,-0.33366,-0.35503,1000.01066,-0.33238,-0.00033, 0.00255,-0.00003,-0.01081,-0.00581,-0.00746, 0.99996, 0.91165,1024.89032,1760.31631,6534.02778,-1.16644,-0.10516,-0.05753,
29.40000,29399.93634,-94.72366,4999.58768, 0.09219,-0.33366,-0.35611,1000.01070,-0.33238,-0.00033, 0.00254,-0.00003,-0.01081,-0.00581,-0.00746, 0.99996, 0.91165,1024.89047,1760.31645,6534.02778,-1.16644,-0.10516,-0.05753,
29.50000,29499.93547,-95.34576,4999.58543, 0.09246,-0.33367,-0.35719,1000.01074,-0.33238,-0.00033, 0.00254,-0.00003,-0.01080,-0.00581,-0.00746, 0.99996, 0.91165,1024.89063,1760.31660,6534.02778,-1.16644,-0.10516,-0.05753,
29.60000,29599.93460,-95.96975,4999.58318, 0.09272,-0.33367,-0.35827,1000.01078,-0.33238,-0.00033, 0.00254,-0.00003,-0.01079,-0.00581,-0.00746, 0.99996, 0.91165,1024.89079,1760.31675,6534.02778,-1.16644,-0.10516,-0.05753,
29.70000,29699.93373,-96.59562,4999.58093, 0.09298,-0.33367,-0.35935,1000.01083,-0.33238,-0.00033, 0.00254,-0.00003,-0.01078,-0.00581,-0.00746, 0.99996, 0.91165,1024.89094,1760.31690,6534.02778,-1.16644,-0.10516,-0.05753,
29.80000,29799.93284,-97.22337,4999.57867, 0.09324,-0.33367,-0.36042,1000.01087,-0.33238,-0.00033, 0.00254,-0.00003,-0.01077,-0.00581,-0.00746, 0.99996, 0.91165,1024.89110,1760.31705,6534.02778,-1.16644,-0.10516,-0.05753,
29.90000,29899.93195,-97.85299,4999.57642, 0.09350,-0.33367,-0.36150,1000.01091,-0.33238,-0.00033, 0.00253,-0.00003,-0.01076,-0.00581,-0.00746, 0.99996, 0.91165,1024.89126,1760.31720,6534.02778,-1.16644,-0.10516,-0.05753,
30.00000,29999.93105,-98.48449,4999.57416, 0.09376,-0.33367,-0.36258,1000.01095,-0.33238,-0.00033, 0.00253,-0.00003,-0.01076,-0.00581,-0.00746, 0.99996, 0.91165,1024.89141,1760.31734,6534.02778,-1.16644,-0.10516,-0.05753,
